time_s,force_n,position_mm
10980.629480681,66.99145626156506,0.0
10980.629680681,26.874088619510932,0.01
10980.629880681001,49.65516545261722,0.02
10980.630080681,48.825715862386254,0.03
10980.630280681,79.55302693730428,0.04
10980.630480681,52.167569482947066,0.05
10980.630680681,45.5375981154837,0.06
10980.630880681,37.69574038174741,0.07
10980.631080681,50.008899233017175,0.08
10980.631280681,28.182781778286326,0.09
10980.631480681,45.57739643612899,0.1
10980.631680681001,38.697369409536975,0.11
10980.631880681,65.0581434387039,0.12
10980.632080681,41.13189397517491,0.13
10980.632280681,50.229778935902964,0.14
10980.632480681,50.97626582631073,0.15
10980.632680681,30.795416110845167,0.16
10980.632880681,32.10846382113847,0.17
10980.633080681,61.1207494753695,0.18
10980.633280681,34.1036169599499,0.19
10980.633480681001,66.12055212981787,0.2
10980.633680681,49.80137193807912,0.21
10980.633880681,47.64374593770021,0.22
10980.634080681,75.51585008461542,0.23
10980.634280681,57.862523737062915,0.24
10980.634480681,53.73369069864508,0.25
10980.634680681,53.28650357115404,0.26
10980.634880681,54.3051453986805,0.27
10980.635080681,42.97698090346602,0.28
10980.635280681001,42.01882216494585,0.29
10980.635480681,43.34915163029651,0.3
10980.635680681,21.73818529151141,0.31
10980.635880681,51.96006045556301,0.32
10980.636080681,61.292482800550935,0.33
10980.636280681,65.01643380263111,0.34
10980.636480681,56.64137792014722,0.35
10980.636680681,31.355019348672396,0.36
10980.636880681,40.324224472065815,0.37
10980.637080681001,55.4316959211924,0.38
10980.637280681,73.32794503052337,0.39
10980.637480681,67.8215935411815,0.4
10980.637680681,45.09824998176175,0.41
10980.637880681,29.719076835522365,0.42
10980.638080681,55.73449308588502,0.43
10980.638280681,77.12063322407954,0.44
10980.638480681,40.32461462423873,0.45
10980.638680681,58.949975700291304,0.46
10980.638880681001,40.911845153039636,0.47
10980.639080681,55.02769295104221,0.48
10980.639280681,14.801966564492915,0.49
10980.639480681,49.80712078264404,0.5
10980.639680681,48.7861961227731,0.51
10980.639880681,45.626345233209044,0.52
10980.640080681,42.49399963420658,0.53
10980.640280681,69.63114815302448,0.54
10980.640480681,82.07135150743596,0.55
10980.640680681001,38.24524322905208,0.56
10980.640880681,33.17473632866157,0.57
10980.641080681,23.095072502036036,0.58
10980.641280681,45.2149689194211,0.59
10980.641480681,39.89350761399203,0.6
10980.641680681,33.01550675858249,0.61
10980.641880681,31.56597805397699,0.62
10980.642080681,63.83251964656026,0.63
10980.642280681,32.813644490985354,0.64
10980.642480681001,57.58913627933709,0.65
10980.642680681,14.219054335897845,0.66
10980.642880681,37.87599359939645,0.67
10980.643080681,59.484360650498424,0.68
10980.643280681,81.28999334039324,0.69
10980.643480681,25.671511229285187,0.7
10980.643680681,43.333920577791275,0.71
10980.643880681,46.11460148036947,0.72
10980.644080681,76.98613982019732,0.73
10980.644280681001,65.4614077768245,0.74
10980.644480681,18.01470391405645,0.75
10980.644680681,49.6563987992107,0.76
10980.644880681,61.09448097344491,0.77
10980.645080681,47.060698722032996,0.78
10980.645280681,41.90506078222181,0.79
10980.645480681,68.24312022974073,0.8
10980.645680681,64.58225268944685,0.81
10980.645880681,33.22396776521532,0.82
10980.646080681001,45.68524491811718,0.83
10980.646280681,51.69138622262299,0.84
10980.646480681,40.609495180309025,0.85
10980.646680681,27.535999862666834,0.86
10980.646880681,67.41427147008281,0.87
10980.647080681,71.42506525477866,0.88
10980.647280681,60.33661186582985,0.89
10980.647480681,48.11462254463246,0.9
10980.647680681,50.94107272364163,0.91
10980.647880681001,52.269139619191364,0.92
10980.648080681,54.18815034333435,0.93
10980.648280681,16.44201218582773,0.94
10980.648480681,46.20106166780902,0.95
10980.648680681,67.32294821817766,0.96
10980.648880681,69.28801921224036,0.97
10980.649080681,44.4887321158818,0.98
10980.649280681,14.534638013177194,0.99
10980.649480681,23.126647904294074,1.0
10980.649680681001,57.288878242522614,1.01
10980.649880681,43.63529038321551,1.02
10980.650080681,89.08343530778632,1.03
10980.650280681,37.443954891790874,1.04
10980.650480681,57.996453051614424,1.05
10980.650680681,51.01139575171627,1.06
10980.650880681,38.17475886205303,1.07
10980.651080681,61.0219290684306,1.08
10980.651280681,40.01527709978758,1.09
10980.651480681001,32.428120916942206,1.1
10980.651680681,37.44806015678459,1.11
10980.651880681,72.37256156379893,1.12
10980.652080681,42.61714901896161,1.13
10980.652280681,70.88535327796674,1.14
10980.652480681,22.478142022059647,1.15
10980.652680681,19.520838131762318,1.16
10980.652880681,38.499128785341924,1.17
10980.653080681,88.13429891264198,1.18
10980.653280681001,69.96609682643452,1.19
10980.653480681,41.65371551360163,1.2
10980.653680681,28.763256928989463,1.21
10980.653880681,60.7830263799465,1.22
10980.654080681,62.02132574214427,1.23
10980.654280681,55.12640195631707,1.24
10980.654480681,36.575558954832985,1.25
10980.654680681,74.34417580998512,1.26
10980.654880681,39.43036856205279,1.27
10980.655080681001,50.3284474233152,1.28
10980.655280681,66.1645789710269,1.29
10980.655480681,24.987388369552228,1.3
10980.655680681,58.66717469837561,1.31
10980.655880681,59.10910912130217,1.32
10980.656080681,49.13210427078508,1.33
10980.656280681,41.684141075950265,1.34
10980.656480681,16.269115279118644,1.35
10980.656680681,47.934237767150954,1.36
10980.656880681001,60.16971457639293,1.37
10980.657080681,39.202155199216676,1.38
10980.657280681,49.30458510560559,1.39
10980.657480681,55.56051487204159,1.4
10980.657680681,65.46461475018816,1.41
10980.657880681,41.508205363602,1.42
10980.658080681,62.965556424853474,1.43
10980.658280681,35.0247055614025,1.44
10980.658480681,77.01693154602371,1.45
10980.658680681001,35.92424615537864,1.46
10980.658880681,68.90522419659074,1.47
10980.659080681,30.060751017291125,1.48
10980.659280681,19.531671966968656,1.49
10980.659480681,46.669653519364246,1.5
10980.659680681,67.04938485252723,1.51
10980.659880681,70.66577649699461,1.52
10980.660080681,47.506415313064146,1.53
10980.660280681,74.44943351346481,1.54
10980.660480681001,63.887771776713585,1.55
10980.660680681,55.77590725316252,1.56
10980.660880681,43.072779571388615,1.57
10980.661080681,46.601783039023914,1.58
10980.661280681,39.16343000946136,1.59
10980.661480681,73.5420075997634,1.6
10980.661680681,54.742780541566795,1.61
10980.661880681,42.27669082774632,1.62
10980.662080681,39.89739438177537,1.63
10980.662280681001,65.95461658283071,1.64
10980.662480681,17.271920845474092,1.65
10980.662680681,63.24252656564855,1.66
10980.662880681,55.84659997296302,1.67
10980.663080681,63.89352684208815,1.68
10980.663280681,47.12594163727485,1.69
10980.663480681,63.346557549076664,1.7
10980.663680681,66.73776193062767,1.71
10980.663880681,70.28539563387326,1.72
10980.664080681001,68.42181731541288,1.73
10980.664280681,56.82068810382778,1.74
10980.664480681,52.603728817148706,1.75
10980.664680681,68.69816182974863,1.76
10980.664880681,55.94637576110806,1.77
10980.665080681,49.694603207357936,1.78
10980.665280681,57.06565294204034,1.79
10980.665480681,50.86826587623522,1.8
10980.665680681,64.4271446395617,1.81
10980.665880681001,38.86175926324385,1.82
10980.666080681,52.59948450144369,1.83
10980.666280681,81.71222907217901,1.84
10980.666480681,51.50226640948665,1.85
10980.666680681,45.03166697410125,1.86
10980.666880681,41.98559854517668,1.87
10980.667080681,52.511848421555754,1.88
10980.667280681,59.637043021497355,1.89
10980.667480681,63.59887527268273,1.9
10980.667680681001,27.947863523249694,1.91
10980.667880681,60.20259642281181,1.92
10980.668080681,24.089836319060804,1.93
10980.668280681,28.469056409621142,1.94
10980.668480681,36.62954399838984,1.95
10980.668680681,56.95151779289513,1.96
10980.668880681,67.50167882936353,1.97
10980.669080681,50.05255420596817,1.98
10980.669280681,60.34925450185238,1.99
10980.669480681001,44.5562329605627,2.0
10980.669680681,55.805559674512025,2.01
10980.669880681,50.89664294033393,2.02
10980.670080681,49.87125770003266,2.03
10980.670280681,41.901909012986444,2.04
10980.670480681,65.88789716491308,2.05
10980.670680681,60.102817725146735,2.06
10980.670880681,47.70405547907059,2.07
10980.671080681,39.95899562790551,2.08
10980.671280681001,60.858196537462696,2.09
10980.671480681,20.60783630816611,2.1
10980.671680681,61.7578590925144,2.11
10980.671880681,61.3804109278056,2.12
10980.672080681,60.532753307763976,2.13
10980.672280681,52.995619968558394,2.14
10980.672480681,62.470979167264716,2.15
10980.672680681,89.9644566210633,2.16
10980.672880681,36.95604725837936,2.17
10980.673080681001,49.93442217643112,2.18
10980.673280681,25.250459106371835,2.19
10980.673480681,43.47131693195624,2.2
10980.673680681,47.99933240566192,2.21
10980.673880681,31.591938795685707,2.22
10980.674080681,78.84107560937711,2.23
10980.674280681,77.09402907267268,2.24
10980.674480681,61.66434232759205,2.25
10980.674680681,29.94145665608782,2.26
10980.674880681001,31.684383531259748,2.27
10980.675080681,51.58664448506157,2.28
10980.675280681,81.68324887532285,2.29
10980.675480681,16.470035218225348,2.3
10980.675680681,54.819726297127694,2.31
10980.675880681,63.05346251161424,2.32
10980.676080681,59.04404207587882,2.33
10980.676280681,47.20153447185092,2.34
10980.676480681,57.29120099534947,2.35
10980.676680681001,67.38737680909205,2.36
10980.676880681,28.598900022567868,2.37
10980.677080681,29.003620978820322,2.38
10980.677280681,26.97894617184463,2.39
10980.677480681,51.801467254964045,2.4
10980.677680681,41.94289609022876,2.41
10980.677880681,35.53718275164143,2.42
10980.678080681,56.35966536545618,2.43
10980.678280681,35.43397191862697,2.44
10980.678480681001,46.107368961364365,2.45
10980.678680681,67.95211530332101,2.46
10980.678880681,52.90812880725914,2.47
10980.679080681,55.756502573201864,2.48
10980.679280681,39.17924790093951,2.49
10980.679480681,54.20553452821241,2.5
10980.679680681,48.58805641023337,2.51
10980.679880681,50.256344329774606,2.52
10980.680080681,79.45505096513673,2.53
10980.680280681001,46.99341096461197,2.54
10980.680480681,50.19046734872094,2.55
10980.680680681,47.686483624774894,2.56
10980.680880681,50.62800645098188,2.57
10980.681080681,47.57583024936636,2.58
10980.681280681,77.12160965449795,2.59
10980.681480681,52.508019020691655,2.6
10980.681680681,65.66787532216563,2.61
10980.681880681,54.635905939840654,2.62
10980.682080681001,65.57636729337604,2.63
10980.682280681,70.13363336454887,2.64
10980.682480681,50.33129181577267,2.65
10980.682680681,68.2858068061277,2.66
10980.682880681,30.58449138147086,2.67
10980.683080681,20.37079810325183,2.68
10980.683280681,80.53139626240278,2.69
10980.683480681,48.904258315120764,2.7
10980.683680681,22.720201068786707,2.71
10980.683880681001,64.29099032184769,2.72
10980.684080681,65.77927567039522,2.73
10980.684280681,46.3272543603082,2.74
10980.684480681,35.94118676396644,2.75
10980.684680681,49.08001260988212,2.76
10980.684880681,14.858134840900256,2.77
10980.685080681,16.996878756459225,2.78
10980.685280681,54.98864557789497,2.79
10980.685480681,43.15645446824581,2.8
10980.685680681001,73.71055556747143,2.81
10980.685880681,54.811610214339865,2.82
10980.686080681,50.17140658360476,2.83
10980.686280681,72.01718755881495,2.84
10980.686480681,49.11802656048102,2.85
10980.686680681,36.03535973713883,2.86
10980.686880681,48.8954406169778,2.87
10980.687080681,72.1252251344633,2.88
10980.687280681,34.32317755966808,2.89
10980.687480681001,34.2517979129562,2.9
10980.687680681,51.884022749428745,2.91
10980.687880681,47.319614711625746,2.92
10980.688080681,56.30827879990622,2.93
10980.688280681,59.4353268514585,2.94
10980.688480681,32.95191269634208,2.95
10980.688680681,67.23126078453534,2.96
10980.688880681,55.91360142039361,2.97
10980.689080681,51.891602391083026,2.98
10980.689280681001,41.27300258577909,2.99
10980.689480681,52.26037811487092,3.0
10980.689680681,52.77261883677088,3.01
10980.689880681,52.281519146051174,3.02
10980.690080681,84.25639820914549,3.03
10980.690280681,48.035287463889205,3.04
10980.690480681,21.87966168208333,3.05
10980.690680681,30.924963515452514,3.06
10980.690880681,35.8848502313182,3.07
10980.691080681001,52.01867462946757,3.08
10980.691280681,45.569757311008075,3.09
10980.691480681,59.102880924017775,3.1
10980.691680681,50.06058642859634,3.11
10980.691880681,66.22257180449081,3.12
10980.692080681,62.31892400159981,3.13
10980.692280681,48.685287445370406,3.14
10980.692480681,25.76423552069872,3.15
10980.692680681,16.161455562248257,3.16
10980.692880681,52.89679130738717,3.17
10980.693080681,54.77566420893877,3.18
10980.693280681,58.97565356259614,3.19
10980.693480681,64.8686499716087,3.2
10980.693680681,60.04631172115246,3.21
10980.693880681,57.89203644930822,3.22
10980.694080681,80.376044751645,3.23
10980.694280681,65.0999313165104,3.24
10980.694480681,59.79631332335387,3.25
10980.694680681,39.170172329219334,3.26
10980.694880681,34.11357326656639,3.27
10980.695080681,71.78947421630811,3.28
10980.695280681,79.04637089551363,3.29
10980.695480681,83.69076701132366,3.3
10980.695680681,38.37010667503481,3.31
10980.695880681,22.3821636964658,3.32
10980.696080681,58.86195422825795,3.33
10980.696280681,70.7680423587534,3.34
10980.696480681,33.016005864614215,3.35
10980.696680681,71.9984300201906,3.36
10980.696880681,35.75892452188867,3.37
10980.697080681,27.86647363546636,3.38
10980.697280681,47.31623234020258,3.39
10980.697480681,75.04430591042671,3.4
10980.697680681,69.66379501146845,3.41
10980.697880681,49.38437956002095,3.42
10980.698080681,33.69059922732356,3.43
10980.698280681,58.36431454888199,3.44
10980.698480681,61.14775481910844,3.45
10980.698680681,40.656246191691565,3.46
10980.698880681,52.77995745021465,3.47
10980.699080681,36.681038114548144,3.48
10980.699280681,71.17690387965906,3.49
10980.699480681,75.019841825436,3.5
10980.699680681,28.85010999744729,3.51
10980.699880681,53.63315168577369,3.52
10980.700080681,66.09350003509749,3.53
10980.700280681,40.47397414681151,3.54
10980.700480681,21.816204660917638,3.55
10980.700680681,70.37343931577908,3.56
10980.700880681,62.49936749769519,3.57
10980.701080681,62.12570723266989,3.58
10980.701280681,80.7007966130163,3.59
10980.701480681,28.756307549138306,3.6
10980.701680681,47.19116777199943,3.61
10980.701880681,43.72233164120878,3.62
10980.702080681,107.21801493544228,3.63
10980.702280681,53.09163871452551,3.64
10980.702480681,72.66764093293563,3.65
10980.702680681,56.4459585033167,3.66
10980.702880681,52.5201767215348,3.67
10980.703080681,54.27102009338233,3.68
10980.703280681,44.26625127412734,3.69
10980.703480681,26.057627325993067,3.7
10980.703680681,53.40430712038544,3.71
10980.703880681,48.13520462641589,3.72
10980.704080681,71.87550371127469,3.73
10980.704280681,17.57702439786985,3.74
10980.704480681,49.62570241851499,3.75
10980.704680681,33.45946002776384,3.76
10980.704880681,29.57752263828055,3.77
10980.705080681,73.17620522663051,3.78
10980.705280681,78.68783464648956,3.79
10980.705480681,10.631681686124836,3.8
10980.705680681,59.48975664738537,3.81
10980.705880681,55.800109740476856,3.82
10980.706080681,68.16895078560691,3.83
10980.706280681,34.71275454902865,3.84
10980.706480681,59.07974585287424,3.85
10980.706680681,21.662208913440406,3.86
10980.706880681,64.04445577544323,3.87
10980.707080681,55.51811141889141,3.88
10980.707280681,56.54541670526114,3.89
10980.707480681,39.81841257928277,3.9
10980.707680681,50.275756701703855,3.91
10980.707880681,23.829968719774392,3.92
10980.708080681,47.51705120410982,3.93
10980.708280681,61.15848082905921,3.94
10980.708480681,48.63375090506315,3.95
10980.708680681,48.0815476477865,3.96
10980.708880681,61.64210153052526,3.97
10980.709080681,40.68659391302777,3.98
10980.709280681,43.513844202615026,3.99
10980.709480681,27.21396711357511,4.0
10980.709680681,22.535272873977508,4.01
10980.709880681,24.678338571083774,4.02
10980.710080681,54.85066950434146,4.03
10980.710280681,80.33689125530017,4.04
10980.710480681,23.595618153857888,4.05
10980.710680681,55.866993450724706,4.06
10980.710880681,88.28414296811577,4.07
10980.711080681,48.65677460986054,4.08
10980.711280681,52.91819441388123,4.09
10980.711480681,32.451397576444634,4.1
10980.711680681,23.972804709045203,4.11
10980.711880681,77.38199388039655,4.12
10980.712080681,68.87947671953651,4.13
10980.712280681,59.14977322612488,4.14
10980.712480681,34.16383885524905,4.15
10980.712680681,51.427457905001454,4.16
10980.712880681,50.11887319607914,4.17
10980.713080681,53.71336336783277,4.18
10980.713280681,44.482783474565366,4.19
10980.713480681,36.93102428815984,4.2
10980.713680681,31.587498922655417,4.21
10980.713880681,45.99403614152572,4.22
10980.714080681,60.12994840221196,4.23
10980.714280681,64.54963196261306,4.24
10980.714480681,50.716595109730044,4.25
10980.714680681,67.87590778481533,4.26
10980.714880681,43.155062510605674,4.27
10980.715080681,75.0436897477252,4.28
10980.715280681,63.80242670543877,4.29
10980.715480681,61.24902256456856,4.3
10980.715680681,48.29274457301942,4.31
10980.715880681,48.669181047227994,4.32
10980.716080681,21.556384588509232,4.33
10980.716280681,58.41651586099062,4.34
10980.716480681,69.5549592843347,4.35
10980.716680681,44.263263696368675,4.36
10980.716880681,50.39598540347566,4.37
10980.717080681,41.43860149812519,4.38
10980.717280681,67.88758608829849,4.39
10980.717480681,56.03469666523608,4.4
10980.717680681,70.99712121186776,4.41
10980.717880681,55.958533686874894,4.42
10980.718080681,25.07211043311008,4.43
10980.718280681,42.081363019819236,4.44
10980.718480681,72.38757351694017,4.45
10980.718680681,62.280034983655256,4.46
10980.718880681,41.32838175200817,4.47
10980.719080681,68.63775589805604,4.48
10980.719280681,35.41748130626236,4.49
10980.719480681,54.99293051273496,4.5
10980.719680681,33.00174463714457,4.51
10980.719880681,51.09605613157931,4.52
10980.720080681,53.98285063558425,4.53
10980.720280681,65.36888025559625,4.54
10980.720480681,44.28236377818152,4.55
10980.720680681,45.57927911824412,4.56
10980.720880681,44.67267843540825,4.57
10980.721080681,73.51189731179653,4.58
10980.721280681,27.526261735949706,4.59
10980.721480681,26.791910523581628,4.6
10980.721680681,32.016462923129176,4.61
10980.721880681,26.943122067705318,4.62
10980.722080681,45.70497806312126,4.63
10980.722280681,32.40995963415716,4.64
10980.722480681,25.736921590593663,4.65
10980.722680681,49.52143099308646,4.66
10980.722880681,34.848994467599724,4.67
10980.723080681,17.295984408100118,4.68
10980.723280681,60.167491996095585,4.69
10980.723480681,76.24280574774956,4.7
10980.723680681,104.4389144939469,4.71
10980.723880681,37.17745774679051,4.72
10980.724080681,69.54232467038072,4.73
10980.724280681,54.12782085572533,4.74
10980.724480681,50.23855459296645,4.75
10980.724680681,59.91112894413312,4.76
10980.724880681,62.522271723222765,4.77
10980.725080681,46.65789226629478,4.78
10980.725280681,43.61538064226721,4.79
10980.725480681,36.643623322993264,4.8
10980.725680681,49.52773023284621,4.81
10980.725880681,19.898322813196323,4.82
10980.726080681,74.69491484137414,4.83
10980.726280681,31.066752432880588,4.84
10980.726480681,47.90398711059765,4.85
10980.726680681,54.25316563257304,4.86
10980.726880681,42.81310655868818,4.87
10980.727080681,54.20378688545822,4.88
10980.727280681,43.41812062082884,4.89
10980.727480681,50.584041230900596,4.9
10980.727680681,56.19897058495422,4.91
10980.727880681,43.83518521375885,4.92
10980.728080681,62.17250860345875,4.93
10980.728280681,42.2449243926977,4.94
10980.728480681,61.59653209003547,4.95
10980.728680681,42.589063910934996,4.96
10980.728880681,29.040499308357738,4.97
10980.729080681,72.34521220245506,4.98
10980.729280681,27.626779268098584,4.99
10980.729480681,58.777019188255245,5.0
10980.729680681,68.18071062217567,5.01
10980.729880681,77.95212531124042,5.02
10980.730080681,23.423149381344665,5.03
10980.730280681,32.26003412489672,5.04
10980.730480681,62.077099230165175,5.05
10980.730680681,63.39423170353701,5.06
10980.730880681,25.577277359612122,5.07
10980.731080681,53.49915093665837,5.08
10980.731280681,54.92566775396894,5.09
10980.731480681,52.96743122847245,5.1
10980.731680681,67.02392984168007,5.11
10980.731880681,53.283160317956465,5.12
10980.732080681,64.0856151211903,5.13
10980.732280681,33.48683406238146,5.14
10980.732480681,24.51385595458784,5.15
10980.732680681,55.20360991125149,5.16
10980.732880681,60.17972411444414,5.17
10980.733080681,61.41861067853739,5.18
10980.733280681,65.35313626004188,5.19
10980.733480681,41.673490339268305,5.2
10980.733680681,49.17533982733105,5.21
10980.733880681,54.30760767273574,5.22
10980.734080681,69.0100171274326,5.23
10980.734280681,61.00019114400635,5.24
10980.734480681,57.50114821601727,5.25
10980.734680681,63.18231460099407,5.26
10980.734880681,41.382455456074275,5.27
10980.735080681,40.368001576496674,5.28
10980.735280681,47.834006725077344,5.29
10980.735480681,46.01799842121392,5.3
10980.735680681,37.82829923329994,5.31
10980.735880681,56.99522844227684,5.32
10980.736080681,75.41866216042914,5.33
10980.736280681,46.306804379943934,5.34
10980.736480681,33.666994730660164,5.35
10980.736680681,23.364430670326747,5.36
10980.736880681001,48.45967622862943,5.37
10980.737080681,38.1100922191975,5.38
10980.737280681,68.2912899553895,5.39
10980.737480681,56.22515292500435,5.4
10980.737680681,56.89731665652003,5.41
10980.737880681,37.95264975496032,5.42
10980.738080681,54.976683075719905,5.43
10980.738280681,59.40978540823792,5.44
10980.738480681,41.15464365980905,5.45
10980.738680681001,35.971864712111056,5.46
10980.738880681,27.696805870834456,5.47
10980.739080681,26.21959894470813,5.48
10980.739280681,54.26125807188559,5.49
10980.739480681,70.99301127801755,5.5
10980.739680681,50.09509160220811,5.51
10980.739880681,48.027622389249295,5.52
10980.740080681,38.013338971013155,5.53
10980.740280681,62.8101565145139,5.54
10980.740480681001,62.38084214507707,5.55
10980.740680681,58.1316495545341,5.56
10980.740880681,42.88311309627684,5.57
10980.741080681,25.37432826064763,5.58
10980.741280681,36.65515779644083,5.59
10980.741480681,68.0573668254199,5.6
10980.741680681,61.376346305725654,5.61
10980.741880681,22.252271691119198,5.62
10980.742080681,49.10105669958439,5.63
10980.742280681001,16.35806697863554,5.64
10980.742480681,39.764657777022876,5.65
10980.742680681,25.311320461853708,5.66
10980.742880681,93.2590724859962,5.67
10980.743080681,59.869593010409076,5.68
10980.743280681,57.18579027413902,5.69
10980.743480681,40.07846603362407,5.7
10980.743680681,27.54955001141468,5.71
10980.743880681,43.48576925937518,5.72
10980.744080681001,36.175136496955396,5.73
10980.744280681,60.08791664328989,5.74
10980.744480681,48.09834854005177,5.75
10980.744680681,71.64250643301494,5.76
10980.744880681,43.62164101900825,5.77
10980.745080681,23.949570428647984,5.78
10980.745280681,35.77986710360635,5.79
10980.745480681,27.655822157839797,5.8
10980.745680681,80.43563990471229,5.81
10980.745880681001,51.78437526224385,5.82
10980.746080681,48.6987263311616,5.83
10980.746280681,39.72549088980162,5.84
10980.746480681,49.09949066485229,5.85
10980.746680681,43.19983380716691,5.86
10980.746880681,28.632376190949287,5.87
10980.747080681,51.15196933589699,5.88
10980.747280681,55.18106218471475,5.89
10980.747480681,43.441062126568866,5.9
10980.747680681001,58.910077787965534,5.91
10980.747880681,41.82808461097516,5.92
10980.748080681,39.11697442073111,5.93
10980.748280681,42.227469708695736,5.94
10980.748480681,69.73995476963637,5.95
10980.748680681,48.361124431644,5.96
10980.748880681,23.16598844292902,5.97
10980.749080681,58.36655557890332,5.98
10980.749280681,57.686521559190396,5.99
10980.749480681001,22.295894071384843,6.0
10980.749680681,63.705899025791695,6.01
10980.749880681,67.81638092771414,6.02
10980.750080681,72.89421860556047,6.03
10980.750280681,60.35223384329899,6.04
10980.750480681,52.441031291220725,6.05
10980.750680681,29.005325613108912,6.06
10980.750880681,76.08435986648529,6.07
10980.751080681,66.49045438440245,6.08
10980.751280681001,34.74398137278598,6.09
10980.751480681,55.646745481562704,6.1
10980.751680681,53.5660481113263,6.11
10980.751880681,54.083033461083275,6.12
10980.752080681,27.95083352611168,6.13
10980.752280681,55.04184193543684,6.14
10980.752480681,40.22761842558177,6.15
10980.752680681,68.13196872619696,6.16
10980.752880681,16.096219105026087,6.17
10980.753080681001,65.27202971089716,6.18
10980.753280681,41.27233499233532,6.19
10980.753480681,48.98428233517027,6.2
10980.753680681,45.52108217639954,6.21
10980.753880681,38.492756513920384,6.22
10980.754080681,49.82176724748731,6.23
10980.754280681,66.33629808815687,6.24
10980.754480681,53.2441431737254,6.25
10980.754680681,34.43666364890059,6.26
10980.754880681001,47.798309723631505,6.27
10980.755080681,43.517855002978706,6.28
10980.755280681,55.60507039143168,6.29
10980.755480681,64.08925431429762,6.3
10980.755680681,55.878293740896176,6.31
10980.755880681,59.70636314691798,6.32
10980.756080681,67.72337184958295,6.33
10980.756280681,33.154146301912846,6.34
10980.756480681,45.93014411106389,6.35
10980.756680681001,66.55672939904348,6.36
10980.756880681,39.71538719161866,6.37
10980.757080681,38.71829788982397,6.38
10980.757280681,54.45217690211451,6.39
10980.757480681,46.03725247575981,6.4
10980.757680681,68.38122534524908,6.41
10980.757880681,36.71379651171781,6.42
10980.758080681,53.43345602091055,6.43
10980.758280681,48.54370084153659,6.44
10980.758480681001,42.50059156639239,6.45
10980.758680681,52.21837226384637,6.46
10980.758880681,38.14566470779404,6.47
10980.759080681,50.4110406725035,6.48
10980.759280681,44.21613175526079,6.49
10980.759480681,40.21763548766819,6.5
10980.759680681,55.516716540189535,6.51
10980.759880681,69.58325640604944,6.52
10980.760080681,58.715137794434085,6.53
10980.760280681001,48.915065337578696,6.54
10980.760480681,43.094746869949454,6.55
10980.760680681,57.33583710299884,6.56
10980.760880681,63.42864694964596,6.57
10980.761080681,32.83819094052855,6.58
10980.761280681,22.690837307536473,6.59
10980.761480681,54.83493031674848,6.6
10980.761680681,46.95172679644731,6.61
10980.761880681,47.383669497879104,6.62
10980.762080681001,49.32081894678372,6.63
10980.762280681,39.80393814219906,6.64
10980.762480681,17.119475593873617,6.65
10980.762680681,50.047620798362324,6.66
10980.762880681,37.24467520653931,6.67
10980.763080681,60.01526967158638,6.68
10980.763280681,30.298766383708752,6.69
10980.763480681,37.10312139948921,6.7
10980.763680681,55.58760583415496,6.71
10980.763880681001,61.58843533664501,6.72
10980.764080681,49.972267931613544,6.73
10980.764280681,40.14752566066507,6.74
10980.764480681,54.1917758958363,6.75
10980.764680681,52.454036916003766,6.76
10980.764880681,58.59242385597871,6.77
10980.765080681,50.7320319852952,6.78
10980.765280681,24.2386167060987,6.79
10980.765480681,44.25109981188179,6.8
10980.765680681001,50.64804688934347,6.81
10980.765880681,40.16846901725192,6.82
10980.766080681,74.34987735194363,6.83
10980.766280681,26.44245773577526,6.84
10980.766480681,62.20347593654627,6.85
10980.766680681,53.02916556188523,6.86
10980.766880681,47.472260959942744,6.87
10980.767080681,84.67606623172492,6.88
10980.767280681,71.43067931176208,6.89
10980.767480681001,32.51833573175708,6.9
10980.767680681,27.24010969198676,6.91
10980.767880681,50.14254279849878,6.92
10980.768080681,62.701771521840094,6.93
10980.768280681,79.85871645930159,6.94
10980.768480681,60.791534493073165,6.95
10980.768680681,56.75916986901893,6.96
10980.768880681,56.500138274304334,6.97
10980.769080681,41.04910606851065,6.98
10980.769280681001,49.13500771555365,6.99
10980.769480681,56.34367575379896,7.0
10980.769680681,56.60537865631285,7.01
10980.769880681,28.613771713442034,7.02
10980.770080681,36.23994412381213,7.03
10980.770280681,45.886496578193594,7.04
10980.770480681,30.560081624996883,7.05
10980.770680681,46.65427408198181,7.06
10980.770880681,39.523702830320325,7.07
10980.771080681001,71.86628925221703,7.08
10980.771280681,55.27847702850943,7.09
10980.771480681,48.899956640160745,7.1
10980.771680681,53.979224801264266,7.11
10980.771880681,52.519327621447786,7.12
10980.772080681,26.138418626685784,7.13
10980.772280681,47.91077084042052,7.14
10980.772480681,27.097996513786864,7.15
10980.772680681,36.62747322809034,7.16
10980.772880681001,49.427642416839056,7.17
10980.773080681,62.43589516482404,7.18
10980.773280681,60.679344399860014,7.19
10980.773480681,33.84449746609377,7.2
10980.773680681,41.673996267554,7.21
10980.773880681,67.21563229298786,7.22
10980.774080681,48.50595274792739,7.23
10980.774280681,64.31868450046926,7.24
10980.774480681,32.59477563290616,7.25
10980.774680681001,52.61545009113036,7.26
10980.774880681,37.440143054368285,7.27
10980.775080681,38.68419121500632,7.28
10980.775280681,54.738039545850846,7.29
10980.775480681,60.038136800012886,7.3
10980.775680681,63.750040702200124,7.31
10980.775880681,48.04268604998672,7.32
10980.776080681,29.579701162694704,7.33
10980.776280681,68.99465112819806,7.34
10980.776480681001,39.33565779786412,7.35
10980.776680681,26.16425790527541,7.36
10980.776880681,30.041156529756158,7.37
10980.777080681,37.0871497318248,7.38
10980.777280681,67.2584024357658,7.39
10980.777480681,62.65147013947849,7.4
10980.777680681,42.84503836432171,7.41
10980.777880681,42.20284817273538,7.42
10980.778080681,37.15264214458388,7.43
10980.778280681001,55.6907833451952,7.44
10980.778480681,35.01978506090091,7.45
10980.778680681,44.45203246406949,7.46
10980.778880681,28.93026827822747,7.47
10980.779080681,38.59483580360705,7.48
10980.779280681,36.92419948131173,7.49
10980.779480681,50.3219011574284,7.5
10980.779680681,58.71112203091181,7.51
10980.779880681,65.95027217290246,7.52
10980.780080681001,35.348824570669485,7.53
10980.780280681,60.622158372428835,7.54
10980.780480681,63.53249192138475,7.55
10980.780680681,40.61592376014741,7.56
10980.780880681,56.710305152545175,7.57
10980.781080681,63.32168244193713,7.58
10980.781280681,79.63973394516857,7.59
10980.781480681,24.767064193284256,7.6
10980.781680681,60.42403806641431,7.61
10980.781880681001,77.37152089531567,7.62
10980.782080681,24.76740303693483,7.63
10980.782280681,43.83259421030671,7.64
10980.782480681,41.26168239331064,7.65
10980.782680681,48.0599999207536,7.66
10980.782880681,48.56827157897828,7.67
10980.783080681,59.24237362300221,7.68
10980.783280681,42.77083395361248,7.69
10980.783480681,67.12341841777258,7.7
10980.783680681001,63.74469892508581,7.71
10980.783880681,27.744301603224113,7.72
10980.784080681,66.6871429956845,7.73
10980.784280681,56.298397619229334,7.74
10980.784480681,22.756647495059557,7.75
10980.784680681,50.518659158900846,7.76
10980.784880681,42.11626549990984,7.77
10980.785080681,68.87073136688136,7.78
10980.785280681,57.884752739374896,7.79
10980.785480681001,29.11088547466106,7.8
10980.785680681,64.41286610765901,7.81
10980.785880681,36.12897867013405,7.82
10980.786080681,56.740427477374475,7.83
10980.786280681,56.07369101310832,7.84
10980.786480681,52.22210998298633,7.85
10980.786680681,56.76389174417573,7.86
10980.786880681,66.32901705849169,7.87
10980.787080681,70.58211814833919,7.88
10980.787280681001,35.554837882805366,7.89
10980.787480681,40.008468276970255,7.9
10980.787680681,59.31651071828129,7.91
10980.787880681,67.48650148468604,7.92
10980.788080681,57.23418725192125,7.93
10980.788280681,53.23541285313786,7.94
10980.788480681,69.15848135275564,7.95
10980.788680681,32.64170897415012,7.96
10980.788880681,28.514810971637615,7.97
10980.789080681001,74.99320586305225,7.98
10980.789280681,55.82884892741468,7.99
10980.789480681,41.36511907404652,8.0
10980.789680681,44.47900528125819,8.01
10980.789880681,48.02272564995987,8.02
10980.790080681,51.15887943576966,8.03
10980.790280681,30.350750703737845,8.04
10980.790480681,34.374458900213874,8.05
10980.790680681,39.546111007544965,8.06
10980.790880681001,57.03744837429481,8.07
10980.791080681,61.6174004546621,8.08
10980.791280681,58.704929571033034,8.09
10980.791480681,43.59396215026183,8.1
10980.791680681,17.6620888600268,8.11
10980.791880681,60.14888839957972,8.12
10980.792080681,62.949295306516944,8.13
10980.792280681,47.481252947016166,8.14
10980.792480681,53.67550641880123,8.15
10980.792680681001,56.05068232191758,8.16
10980.792880681,17.880256097829324,8.17
10980.793080681,50.909499094181164,8.18
10980.793280681,48.476163438521596,8.19
10980.793480681,55.56851952146547,8.2
10980.793680681,28.718874780450363,8.21
10980.793880681,39.64779165380062,8.22
10980.794080681,49.93861854185704,8.23
10980.794280681,60.758857669171235,8.24
10980.794480681001,27.780497880838155,8.25
10980.794680681,27.029015797602884,8.26
10980.794880681,66.13165305050047,8.27
10980.795080681,49.7920644801705,8.28
10980.795280681,38.00675499457199,8.29
10980.795480681,43.33636126883375,8.3
10980.795680681,50.09759995366806,8.31
10980.795880681,50.28058728221886,8.32
10980.796080681,51.99641114940818,8.33
10980.796280681001,41.519510987492666,8.34
10980.796480681,51.42096941375137,8.35
10980.796680681,35.762371530130636,8.36
10980.796880681,35.2836197015054,8.37
10980.797080681,29.394203381286516,8.38
10980.797280681,44.97350855032456,8.39
10980.797480681,34.30515690670205,8.4
10980.797680681,38.20285537450446,8.41
10980.797880681,50.614675715474576,8.42
10980.798080681001,56.31162542219771,8.43
10980.798280681,69.77608737720709,8.44
10980.798480681,67.98216082344955,8.45
10980.798680681,31.79206872635672,8.46
10980.798880681,48.80656411281909,8.47
10980.799080681,38.697485560374524,8.48
10980.799280681,86.71882092785592,8.49
10980.799480681,59.8001296874506,8.5
10980.799680681,47.173405539932936,8.51
10980.799880681001,54.12474653243039,8.52
10980.800080681,58.2520157469301,8.53
10980.800280681,48.65949432047836,8.54
10980.800480681,69.26484565978663,8.55
10980.800680681,59.01236701595335,8.56
10980.800880681,31.63974991380668,8.57
10980.801080681,46.82365940011074,8.58
10980.801280681,57.695228520468994,8.59
10980.801480681,36.577574623917876,8.6
10980.801680681001,48.89925773141485,8.61
10980.801880681,38.009458519584214,8.62
10980.802080681,51.510269573999295,8.63
10980.802280681,51.24763829594318,8.64
10980.802480681,56.072604079569984,8.65
10980.802680681,66.72233530121449,8.66
10980.802880681,51.732070630955285,8.67
10980.803080681,20.947185912309905,8.68
10980.803280681,24.799079082042212,8.69
10980.803480681001,38.304127555290634,8.7
10980.803680681,54.94087665017629,8.71
10980.803880681,66.24256945239848,8.72
10980.804080681,65.8274471036768,8.73
10980.804280681,42.98657931234657,8.74
10980.804480681,57.31926033654444,8.75
10980.804680681,43.13832656171377,8.76
10980.804880681,49.23623855641238,8.77
10980.805080681,27.700323878018736,8.78
10980.805280681001,59.794324552212366,8.79
10980.805480681,31.554592763570085,8.8
10980.805680681,55.88141514720698,8.81
10980.805880681,52.25521487316709,8.82
10980.806080681,34.95903736548145,8.83
10980.806280681,62.03985971072306,8.84
10980.806480681,53.43417591327514,8.85
10980.806680681,56.543063966618654,8.86
10980.806880681,46.08831779861387,8.87
10980.807080681001,32.46550300470558,8.88
10980.807280681,39.714418532393836,8.89
10980.807480681,41.35249113931677,8.9
10980.807680681,66.38951467332109,8.91
10980.807880681,57.22200723792919,8.92
10980.808080681,54.169833795508985,8.93
10980.808280681,54.42000708431147,8.94
10980.808480681,60.22968642486674,8.95
10980.808680681,49.528916627780006,8.96
10980.808880681001,58.871133550967315,8.97
10980.809080681,62.92298225375828,8.98
10980.809280681,54.882571680730045,8.99
10980.809480681,49.136777459488364,9.0
10980.809680681,51.727008863825915,9.01
10980.809880681,29.273951042477673,9.02
10980.810080681,44.61603231284788,9.03
10980.810280681,66.55601046369401,9.04
10980.810480681,70.94981525044405,9.05
10980.810680681001,39.21561358104312,9.06
10980.810880681,48.676625507022955,9.07
10980.811080681,63.213793211571925,9.08
10980.811280681,78.88995007683087,9.09
10980.811480681,57.499855861575796,9.1
10980.811680681,46.12242896481943,9.11
10980.811880681,50.607790104367425,9.12
10980.812080681,13.633122493972706,9.13
10980.812280681,68.72795539235602,9.14
10980.812480681001,36.491853075229685,9.15
10980.812680681,52.81982449059522,9.16
10980.812880681,46.61731608536407,9.17
10980.813080681,20.20634529529618,9.18
10980.813280681,51.70551796181426,9.19
10980.813480681,70.2460536622358,9.2
10980.813680681,46.25474756138456,9.21
10980.813880681,37.78073846734905,9.22
10980.814080681,52.87430679140088,9.23
10980.814280681001,65.88691782900919,9.24
10980.814480681,42.30029353779473,9.25
10980.814680681,76.60553692453806,9.26
10980.814880681,49.51153496438226,9.27
10980.815080681,57.81758161302079,9.28
10980.815280681,71.05288983701755,9.29
10980.815480681,50.009807677039355,9.3
10980.815680681,53.87098169392255,9.31
10980.815880681,69.64729630058747,9.32
10980.816080681001,48.42632949538842,9.33
10980.816280681,64.22232826957683,9.34
10980.816480681,49.40146790547153,9.35
10980.816680681,59.687295159890716,9.36
10980.816880681,50.46174381669265,9.37
10980.817080681,52.023423277670396,9.38
10980.817280681,56.83541183725673,9.39
10980.817480681,25.156168191894572,9.4
10980.817680681,39.858454451789115,9.41
10980.817880681,48.14162767425369,9.42
10980.818080681,53.82817676738413,9.43
10980.818280681,69.26205188049404,9.44
10980.818480681,46.99527166100464,9.45
10980.818680681,25.08469001247623,9.46
10980.818880681,81.6583671353736,9.47
10980.819080681,45.793496174839454,9.48
10980.819280681,40.912983199676844,9.49
10980.819480681,66.1468437496505,9.5
10980.819680681,55.271892016032,9.51
10980.819880681,53.60375984683525,9.52
10980.820080681,34.186014695125465,9.53
10980.820280681,65.9199971071724,9.54
10980.820480681,53.825218833974475,9.55
10980.820680681,69.42779614958741,9.56
10980.820880681,40.6381739574312,9.57
10980.821080681,12.139752896791784,9.58
10980.821280681,44.42014362730165,9.59
10980.821480681,57.61985738107548,9.6
10980.821680681,51.42848338030607,9.61
10980.821880681,77.9616286663394,9.62
10980.822080681,66.11696569045179,9.63
10980.822280681,50.71575056106917,9.64
10980.822480681,47.85146044275475,9.65
10980.822680681,26.57914903772192,9.66
10980.822880681,50.31034128132427,9.67
10980.823080681,49.1508433011341,9.68
10980.823280681,18.473731541736047,9.69
10980.823480681,54.720096054440035,9.7
10980.823680681,45.280533501387026,9.71
10980.823880681,47.11457292157535,9.72
10980.824080681,87.48755797057245,9.73
10980.824280681,68.94935206056789,9.74
10980.824480681,79.90672243113326,9.75
10980.824680681,37.23702516741828,9.76
10980.824880681,34.36185135278204,9.77
10980.825080681,37.13930904875477,9.78
10980.825280681,73.55655727166572,9.79
10980.825480681,42.567691749252674,9.8
10980.825680681,60.92777120983458,9.81
10980.825880681,68.6219070344382,9.82
10980.826080681,78.54859785070461,9.83
10980.826280681,74.69078816844782,9.84
10980.826480681,59.12774505267357,9.85
10980.826680681,47.684770014283494,9.86
10980.826880681,58.3154029949647,9.87
10980.827080681,54.62389151346008,9.88
10980.827280681,74.93606871591867,9.89
10980.827480681,48.51601038771799,9.9
10980.827680681,60.93126899054445,9.91
10980.827880681,52.024250110365465,9.92
10980.828080681,38.079268814367296,9.93
10980.828280681,56.59723715118953,9.94
10980.828480681,35.90399213990779,9.95
10980.828680681,65.38910192454226,9.96
10980.828880681,44.758225363581474,9.97
10980.829080681,66.38267629442299,9.98
10980.829280681,59.31416919443164,9.99
10980.829480681,43.68613724562245,10.0
10980.829680681,47.27557748787202,10.01
10980.829880681,31.56678834137417,10.02
10980.830080681,51.54263100955255,10.03
10980.830280681,53.75324937859155,10.04
10980.830480681,24.468266514348386,10.05
10980.830680681,23.22046730659479,10.06
10980.830880681,42.0353496836586,10.07
10980.831080681,42.085958131125,10.08
10980.831280681,67.61864763196805,10.09
10980.831480681,31.75946710867319,10.1
10980.831680681,71.04687794365074,10.11
10980.831880681,80.3490035628961,10.12
10980.832080681,51.20916888416149,10.13
10980.832280681,67.20300152849819,10.14
10980.832480681,19.64650371140805,10.15
10980.832680681,39.115620238041075,10.16
10980.832880681,33.66963389717422,10.17
10980.833080681,46.35757180747356,10.18
10980.833280681,63.009649572252776,10.19
10980.833480681,27.266200256432597,10.2
10980.833680681,41.83726856153304,10.21
10980.833880681,84.6513909901278,10.22
10980.834080681,55.47686515476124,10.23
10980.834280681,39.911799533866684,10.24
10980.834480681,52.737840801097555,10.25
10980.834680681,11.646866892348363,10.26
10980.834880681,28.394010045950452,10.27
10980.835080681,64.67615965303149,10.28
10980.835280681,57.587449414976675,10.29
10980.835480681,42.31904764790978,10.3
10980.835680681,14.957350219098736,10.31
10980.835880681,30.855541947058597,10.32
10980.836080681,65.31349776924296,10.33
10980.836280681,65.92927839183591,10.34
10980.836480681,68.12004383938498,10.35
10980.836680681,48.50557083818567,10.36
10980.836880681,55.93455550613402,10.37
10980.837080681,65.9477905974702,10.38
10980.837280681,60.9833078785514,10.39
10980.837480681,35.467027777601736,10.4
10980.837680681,61.54951237045596,10.41
10980.837880681,44.90299465450398,10.42
10980.838080681,45.79375352474971,10.43
10980.838280681,65.24759947277136,10.44
10980.838480681,59.48675124860169,10.45
10980.838680681,53.80860217460288,10.46
10980.838880681,29.716483717563904,10.47
10980.839080681,43.567872062475196,10.48
10980.839280681,39.00700082748694,10.49
10980.839480681,65.2794378335651,10.5
10980.839680681,36.50011128923178,10.51
10980.839880681,56.81180887831492,10.52
10980.840080681,59.16089878443661,10.53
10980.840280681,38.82196148749631,10.54
10980.840480681,66.5916926252145,10.55
10980.840680681,72.32150622585158,10.56
10980.840880681,86.54899679890492,10.57
10980.841080681,43.68068957777505,10.58
10980.841280681,38.00855820267374,10.59
10980.841480681,41.768217518491326,10.6
10980.841680681,51.27415072039824,10.61
10980.841880681,46.128261119662525,10.62
10980.842080681,40.73625119420925,10.63
10980.842280681,36.07594332950791,10.64
10980.842480681,57.992838502552424,10.65
10980.842680681,76.06434317786294,10.66
10980.842880681,28.973103781130444,10.67
10980.843080681,62.83717213287407,10.68
10980.843280681,51.77004342391644,10.69
10980.843480681,49.52762500991998,10.7
10980.843680681,84.80295528545287,10.71
10980.843880681,60.37820001066419,10.72
10980.844080681,43.65753234692369,10.73
10980.844280681,69.64866207599579,10.74
10980.844480681,55.441618196797194,10.75
10980.844680681,28.92875686368233,10.76
10980.844880681,48.14834310895809,10.77
10980.845080681,62.999694444324575,10.78
10980.845280681,56.90833108066674,10.79
10980.845480681,44.75601618394474,10.8
10980.845680681,45.792186696864036,10.81
10980.845880681,54.6085205335842,10.82
10980.846080681,29.868276096283402,10.83
10980.846280681,46.33690688147146,10.84
10980.846480681,38.735431322452094,10.85
10980.846680681,52.18293123047586,10.86
10980.846880681,35.03164588780879,10.87
10980.847080681,42.40054383333457,10.88
10980.847280681,67.32933830811837,10.89
10980.847480681,51.27172074977424,10.9
10980.847680681,64.09594692922023,10.91
10980.847880681,58.41703325058238,10.92
10980.848080681,33.86958884590194,10.93
10980.848280681,60.20890560286328,10.94
10980.848480681,54.57785140687555,10.95
10980.848680681,33.12468616400132,10.96
10980.848880681,60.683153062951185,10.97
10980.849080681,51.77668648135403,10.98
10980.849280681,57.90330459751104,10.99
10980.849480681,67.97295841939041,11.0
10980.849680681,44.904039686608925,11.01
10980.849880681,53.927701671997106,11.02
10980.850080681,77.1895630577915,11.03
10980.850280681,44.22724080299251,11.04
10980.850480681,38.89168943435321,11.05
10980.850680681,37.19849065216928,11.06
10980.850880681,45.43522545150316,11.07
10980.851080681,36.54425719937144,11.08
10980.851280681,53.77554587271945,11.09
10980.851480681,49.2885983480084,11.1
10980.851680681,47.606579198913266,11.11
10980.851880681,60.832733708205694,11.12
10980.852080681,75.64183964920024,11.13
10980.852280681,56.12386641319236,11.14
10980.852480681,61.443536727714516,11.15
10980.852680681,65.88719467624362,11.16
10980.852880681,61.59547685109092,11.17
10980.853080681,75.62971876039454,11.18
10980.853280681,64.04607441784094,11.19
10980.853480681,50.924727200959566,11.2
10980.853680681,42.33682426830373,11.21
10980.853880681,71.69943744085873,11.22
10980.854080681,26.340058072327473,11.23
10980.854280681,32.434840519103446,11.24
10980.854480681,43.17191123195862,11.25
10980.854680681,42.52891093626552,11.26
10980.854880681,64.79279078985162,11.27
10980.855080681,33.355710965154245,11.28
10980.855280681,79.94801551621066,11.29
10980.855480681,52.34626755321721,11.3
10980.855680681,63.25645320629309,11.31
10980.855880681,57.968117073104395,11.32
10980.856080681,64.74540512468693,11.33
10980.856280681,41.789872112929594,11.34
10980.856480681,43.53351349128978,11.35
10980.856680681,53.839021847392985,11.36
10980.856880681,56.75407350096795,11.37
10980.857080681,31.6415913646515,11.38
10980.857280681,62.438923239797134,11.39
10980.857480681,65.06740770008673,11.4
10980.857680681,14.208248870323779,11.41
10980.857880681,44.09458730983161,11.42
10980.858080681,48.32935215654455,11.43
10980.858280681,56.37731021113716,11.44
10980.858480681,45.785064753560455,11.45
10980.858680681,45.82387043832871,11.46
10980.858880681,68.44751019633767,11.47
10980.859080681,35.22681036649321,11.48
10980.859280681,77.75773546152215,11.49
10980.859480681,52.230328745366236,11.5
10980.859680681,60.99759524476808,11.51
10980.859880681,62.13555748671875,11.52
10980.860080681,50.364313983118926,11.53
10980.860280681,28.437618434063747,11.54
10980.860480681,48.37183681394719,11.55
10980.860680681,60.16753728344541,11.56
10980.860880681,33.67847584970421,11.57
10980.861080681,56.10374265758706,11.58
10980.861280681,72.61559723632388,11.59
10980.861480681,65.98438998530219,11.6
10980.861680681,30.420876038136527,11.61
10980.861880681001,69.08294246553362,11.62
10980.862080681,50.347326216572874,11.63
10980.862280681,74.29797561689176,11.64
10980.862480681,55.10989878366555,11.65
10980.862680681,20.004611747852373,11.66
10980.862880681,54.28684709407757,11.67
10980.863080681,66.89943418789966,11.68
10980.863280681,62.951562376659226,11.69
10980.863480681,82.22754284090871,11.7
10980.863680681001,40.46487396904845,11.71
10980.863880681,63.177217201741115,11.72
10980.864080681,52.26500229708247,11.73
10980.864280681,44.1535181558917,11.74
10980.864480681,66.13804886425511,11.75
10980.864680681,58.101218748404904,11.76
10980.864880681,56.964317078401834,11.77
10980.865080681,71.11090784457525,11.78
10980.865280681,12.012363460626482,11.79
10980.865480681001,35.47367512198229,11.8
10980.865680681,48.3123805813855,11.81
10980.865880681,31.65352512264481,11.82
10980.866080681,56.046451295613664,11.83
10980.866280681,60.74462586405389,11.84
10980.866480681,49.7036366957296,11.85
10980.866680681,52.77766490940942,11.86
10980.866880681,27.649808360401888,11.87
10980.867080681,61.42639985004404,11.88
10980.867280681001,52.82266957010142,11.89
10980.867480681,21.907962670076476,11.9
10980.867680681,55.88561096783441,11.91
10980.867880681,53.38162034687617,11.92
10980.868080681,80.94024094690668,11.93
10980.868280681,60.87407572993806,11.94
10980.868480681,59.00844391872826,11.95
10980.868680681,60.234555973085996,11.96
10980.868880681,34.0403970765307,11.97
10980.869080681001,57.70620154947399,11.98
10980.869280681,32.639065793366456,11.99
10980.869480681,71.93978984775774,12.0
10980.869680681,73.93200514419735,12.01
10980.869880681,61.15032976979612,12.02
10980.870080681,14.774467893062202,12.03
10980.870280681,30.03265633995142,12.04
10980.870480681,91.51332355715853,12.05
10980.870680681,49.581302180388626,12.06
10980.870880681001,72.80894317943917,12.07
10980.871080681,32.221482906170046,12.08
10980.871280681,50.8667919498378,12.09
10980.871480681,57.026356302679574,12.1
10980.871680681,58.139101554286,12.11
10980.871880681,55.21073723705318,12.12
10980.872080681,48.795302357362736,12.13
10980.872280681,67.33896638653897,12.14
10980.872480681,58.363309143240855,12.15
10980.872680681001,56.02443716625597,12.16
10980.872880681,53.064694280461026,12.17
10980.873080681,52.39281300551326,12.18
10980.873280681,55.04361564747806,12.19
10980.873480681,60.451634379933935,12.2
10980.873680681,61.346425325272584,12.21
10980.873880681,16.834746958853366,12.22
10980.874080681,38.74184617905445,12.23
10980.874280681,69.8161151250977,12.24
10980.874480681001,52.04134994660232,12.25
10980.874680681,75.46706599416041,12.26
10980.874880681,41.6787141094471,12.27
10980.875080681,69.3494209524086,12.28
10980.875280681,66.96477411768228,12.29
10980.875480681,49.5366815260584,12.3
10980.875680681,74.0332621826938,12.31
10980.875880681,60.94032440119069,12.32
10980.876080681,59.65665372029611,12.33
10980.876280681001,71.5113876429654,12.34
10980.876480681,60.012995975781365,12.35
10980.876680681,58.193737802178134,12.36
10980.876880681,65.97089351799363,12.37
10980.877080681,26.935636791266624,12.38
10980.877280681,53.84187260820166,12.39
10980.877480681,81.45921814916417,12.4
10980.877680681,48.349332103381286,12.41
10980.877880681,75.91434244030117,12.42
10980.878080681001,77.08751796439873,12.43
10980.878280681,69.66228799400182,12.44
10980.878480681,61.812045439644386,12.45
10980.878680681,74.22386755963566,12.46
10980.878880681,57.52148471159006,12.47
10980.879080681,57.89365370978862,12.48
10980.879280681,53.251631490419996,12.49
10980.879480681,61.75402864403537,12.5
10980.879680681,35.84817867543577,12.51
10980.879880681001,40.09593856291002,12.52
10980.880080681,36.64382410749666,12.53
10980.880280681,67.0601304990875,12.54
10980.880480681,62.90436271206619,12.55
10980.880680681,49.35060026478044,12.56
10980.880880681,32.01933006689545,12.57
10980.881080681,84.05876577559823,12.58
10980.881280681,21.6539702600707,12.59
10980.881480681,21.42305269045356,12.6
10980.881680681001,36.41857068713694,12.61
10980.881880681,35.11133555112432,12.62
10980.882080681,43.40604230119622,12.63
10980.882280681,47.54210393158861,12.64
10980.882480681,63.77634062439981,12.65
10980.882680681,76.85767641987965,12.66
10980.882880681,80.68720955460289,12.67
10980.883080681,37.350116882186285,12.68
10980.883280681,32.39416558638972,12.69
10980.883480681001,79.87176211009051,12.7
10980.883680681,58.36350901506336,12.71
10980.883880681,15.937139723935935,12.72
10980.884080681,24.898574680075654,12.73
10980.884280681,78.99910311862362,12.74
10980.884480681,50.815930174428054,12.75
10980.884680681,63.30657797642377,12.76
10980.884880681,45.534188812879165,12.77
10980.885080681,45.11913728958907,12.78
10980.885280681001,76.31393747720558,12.79
10980.885480681,38.53822012255375,12.8
10980.885680681,70.92249324173582,12.81
10980.885880681,3.4740389930936146,12.82
10980.886080681,58.58505831600639,12.83
10980.886280681,68.6635971327221,12.84
10980.886480681,49.07562621520388,12.85
10980.886680681,45.20333172992319,12.86
10980.886880681,21.623632865090602,12.87
10980.887080681001,33.61715910185187,12.88
10980.887280681,60.28513940154252,12.89
10980.887480681,28.820613341362062,12.9
10980.887680681,67.4365900570113,12.91
10980.887880681,55.40724213098867,12.92
10980.888080681,53.0616466050281,12.93
10980.888280681,59.529124837826174,12.94
10980.888480681,36.463043818579386,12.95
10980.888680681,22.636547226130237,12.96
10980.888880681001,59.67238398960287,12.97
10980.889080681,28.333629707643496,12.98
10980.889280681,36.06892258087621,12.99
10980.889480681,39.88409055752281,13.0
10980.889680681,60.145738852919386,13.01
10980.889880681,61.55502002998876,13.02
10980.890080681,53.364336502073414,13.03
10980.890280681,33.43581048061566,13.04
10980.890480681,50.585935913202896,13.05
10980.890680681001,28.41427822774807,13.06
10980.890880681,9.62603194653095,13.07
10980.891080681,49.41024427923792,13.08
10980.891280681,57.543490758153844,13.09
10980.891480681,40.99475912412312,13.1
10980.891680681,46.89650428017634,13.11
10980.891880681,55.04056251944942,13.12
10980.892080681,43.26089502334041,13.13
10980.892280681,46.39110008342432,13.14
10980.892480681001,60.54849818317992,13.15
10980.892680681,30.707706163586934,13.16
10980.892880681,61.760494531233974,13.17
10980.893080681,41.767870721646275,13.18
10980.893280681,8.779471396735602,13.19
10980.893480681,55.354109294272526,13.2
10980.893680681,43.5051082627365,13.21
10980.893880681,50.30240715668873,13.22
10980.894080681,45.481381963418116,13.23
10980.894280681001,51.98390792776117,13.24
10980.894480681,57.90374494779412,13.25
10980.894680681,32.595711739390225,13.26
10980.894880681,35.715963970716835,13.27
10980.895080681,46.12692880511909,13.28
10980.895280681,30.859449298300238,13.29
10980.895480681,53.45314894995601,13.3
10980.895680681,39.12208452834204,13.31
10980.895880681,72.40589492355556,13.32
10980.896080681001,54.87889829875705,13.33
10980.896280681,38.8233180012507,13.34
10980.896480681,32.4474273953533,13.35
10980.896680681,44.75293757509017,13.36
10980.896880681,87.95816514870889,13.37
10980.897080681,54.626897847473636,13.38
10980.897280681,50.31494390492816,13.39
10980.897480681,44.486615811120984,13.4
10980.897680681,44.36822991257105,13.41
10980.897880681001,44.238044677182145,13.42
10980.898080681,77.35901123192399,13.43
10980.898280681,72.77215963551546,13.44
10980.898480681,64.14018285629918,13.45
10980.898680681,18.310078235383052,13.46
10980.898880681,51.37130602310063,13.47
10980.899080681,48.04715528598287,13.48
10980.899280681,52.00942819837762,13.49
10980.899480681,88.61401341933691,13.5
10980.899680681001,48.41961808815381,13.51
10980.899880681,68.52120025873285,13.52
10980.900080681,41.49402824979297,13.53
10980.900280681,42.847179522252326,13.54
10980.900480681,14.561635869846214,13.55
10980.900680681,59.695246310507954,13.56
10980.900880681,54.65779048584037,13.57
10980.901080681,43.26444984586976,13.58
10980.901280681,42.89784098808833,13.59
10980.901480681001,43.878598077023035,13.6
10980.901680681,25.615419115715383,13.61
10980.901880681,41.35909555471011,13.62
10980.902080681,36.30564385830366,13.63
10980.902280681,42.39747359037418,13.64
10980.902480681,58.930022963412384,13.65
10980.902680681,37.07525940252129,13.66
10980.902880681,37.98290230924272,13.67
10980.903080681,44.18553219924327,13.68
10980.903280681001,41.44139771988982,13.69
10980.903480681,90.68934400566835,13.7
10980.903680681,47.86276166016765,13.71
10980.903880681,56.40983774338343,13.72
10980.904080681,46.79966360236911,13.73
10980.904280681,42.422000200233555,13.74
10980.904480681,34.35025784113789,13.75
10980.904680681,61.69985112076671,13.76
10980.904880681,57.69196211717101,13.77
10980.905080681001,70.3858957828268,13.78
10980.905280681,42.89714940456643,13.79
10980.905480681,41.28837946854333,13.8
10980.905680681,58.41141587795343,13.81
10980.905880681,85.27879233623418,13.82
10980.906080681,27.29277015596494,13.83
10980.906280681,71.74489031927408,13.84
10980.906480681,31.658897122749252,13.85
10980.906680681,36.62844713201511,13.86
10980.906880681001,46.27664445411778,13.87
10980.907080681,72.52435154655743,13.88
10980.907280681,62.362472437608,13.89
10980.907480681,74.53947100782892,13.9
10980.907680681,45.67608670438091,13.91
10980.907880681,40.52309531749522,13.92
10980.908080681,47.21567551450529,13.93
10980.908280681,57.42417989466456,13.94
10980.908480681,56.03601352071399,13.95
10980.908680681001,52.46753460094149,13.96
10980.908880681,16.740705704405734,13.97
10980.909080681,61.22082826122107,13.98
10980.909280681,68.88997376665758,13.99
10980.909480681,48.81096817683911,14.0
10980.909680681,46.77464337157813,14.01
10980.909880681,50.941081668345014,14.02
10980.910080681,43.75730841224966,14.03
10980.910280681,33.23238687957911,14.04
10980.910480681001,60.8984578670663,14.05
10980.910680681,28.94613452512199,14.06
10980.910880681,69.5313323518127,14.07
10980.911080681,46.950820925163285,14.08
10980.911280681,47.820911725933456,14.09
10980.911480681,22.207132737123725,14.1
10980.911680681,74.36852664132812,14.11
10980.911880681,54.22303849397508,14.12
10980.912080681,89.33955145384871,14.13
10980.912280681001,56.944093856019485,14.14
10980.912480681,61.06303824716788,14.15
10980.912680681,54.018448931094824,14.16
10980.912880681,46.619444314103184,14.17
10980.913080681,28.820634502229396,14.18
10980.913280681,61.780323957185864,14.19
10980.913480681,70.49562981290578,14.2
10980.913680681,15.675653128151026,14.21
10980.913880681,52.92274033475073,14.22
10980.914080681001,74.60208498405257,14.23
10980.914280681,67.11342609360896,14.24
10980.914480681,28.19424379037957,14.25
10980.914680681,43.09683021385495,14.26
10980.914880681,76.59641581971505,14.27
10980.915080681,68.50283787413258,14.28
10980.915280681,47.5544713923968,14.29
10980.915480681,52.24237966387961,14.3
10980.915680681,51.990231617081086,14.31
10980.915880681001,37.37523000242042,14.32
10980.916080681,30.11231040187688,14.33
10980.916280681,59.589231050403654,14.34
10980.916480681,47.64378982144946,14.35
10980.916680681,72.44418058182406,14.36
10980.916880681,41.77699581062015,14.37
10980.917080681,63.694290343978025,14.38
10980.917280681,58.622095875425885,14.39
10980.917480681,56.54710668994521,14.4
10980.917680681001,58.01796937269313,14.41
10980.917880681,36.49122151659863,14.42
10980.918080681,21.723664345042792,14.43
10980.918280681,44.90691079850327,14.44
10980.918480681,61.564592303214724,14.45
10980.918680681,40.76985848226964,14.46
10980.918880681,52.64826426059028,14.47
10980.919080681,70.76350212675236,14.48
10980.919280681,32.213060291894664,14.49
10980.919480681001,23.568919880378473,14.5
10980.919680681,60.999181018179314,14.51
10980.919880681,65.2824649336971,14.52
10980.920080681,70.44609958437212,14.53
10980.920280681,29.863910789420103,14.54
10980.920480681,75.60260936903768,14.55
10980.920680681,51.797632348349644,14.56
10980.920880681,37.66107238845228,14.57
10980.921080681,70.32315446894121,14.58
10980.921280681001,61.361530932673176,14.59
10980.921480681,33.13807188689673,14.6
10980.921680681,46.69816621410711,14.61
10980.921880681,40.161056759476324,14.62
10980.922080681,42.72559632136529,14.63
10980.922280681,63.3267107828409,14.64
10980.922480681,51.52816850089003,14.65
10980.922680681,44.52666452781974,14.66
10980.922880681,62.051335496333515,14.67
10980.923080681001,65.212287997668,14.68
10980.923280681,40.165481725054825,14.69
10980.923480681,65.25308792748561,14.7
10980.923680681,67.56120065148752,14.71
10980.923880681,45.07327420909721,14.72
10980.924080681,49.95432244374231,14.73
10980.924280681,66.89834363103962,14.74
10980.924480681,57.493564130516944,14.75
10980.924680681,53.58100797947568,14.76
10980.924880681001,37.865595327383616,14.77
10980.925080681,45.73452303458916,14.78
10980.925280681,55.440373436004776,14.79
10980.925480681,36.987796239530525,14.8
10980.925680681,47.35297520492174,14.81
10980.925880681,28.55991263511451,14.82
10980.926080681,48.170986242500454,14.83
10980.926280681,52.26171381975006,14.84
10980.926480681,29.487735404410213,14.85
10980.926680681001,35.08251393277001,14.86
10980.926880681,76.55823935296414,14.87
10980.927080681,57.01883245905284,14.88
10980.927280681,31.174802709747272,14.89
10980.927480681,67.35665389862862,14.9
10980.927680681,69.50455034214754,14.91
10980.927880681,50.048619977393386,14.92
10980.928080681,67.24447380104706,14.93
10980.928280681,61.738292108287595,14.94
10980.928480681001,67.18654779968087,14.95
10980.928680681,62.76818963850708,14.96
10980.928880681,41.68092756226861,14.97
10980.929080681,52.80242355291383,14.98
10980.929280681,57.047007335538346,14.99
10980.929480681,58.85588589783414,15.0
10980.929680681,53.45188375358224,15.01
10980.929880681,39.1421316307536,15.02
10980.930080681,82.34029348436852,15.03
10980.930280681001,27.376617609661825,15.04
10980.930480681,52.79497462324569,15.05
10980.930680681,39.03304790786883,15.06
10980.930880681,93.63579417639323,15.07
10980.931080681,76.03070970496992,15.08
10980.931280681,67.71590995205474,15.09
10980.931480681,34.55813556620711,15.1
10980.931680681,47.76562643666542,15.11
10980.931880681,37.378135357766126,15.12
10980.932080681001,54.37481825708781,15.13
10980.932280681,24.159176749781107,15.14
10980.932480681,73.05850329873374,15.15
10980.932680681,76.05255099571136,15.16
10980.932880681,60.14179494131622,15.17
10980.933080681,68.12964011699687,15.18
10980.933280681,45.530692392590915,15.19
10980.933480681,50.06760350986166,15.2
10980.933680681,39.36074873941279,15.21
10980.933880681001,75.44360499381315,15.22
10980.934080681,55.453848869343744,15.23
10980.934280681,29.65955061650515,15.24
10980.934480681,31.705366073687543,15.25
10980.934680681,58.966533871243904,15.26
10980.934880681,89.70218480174475,15.27
10980.935080681,37.6426333588022,15.28
10980.935280681,78.72092921718024,15.29
10980.935480681,41.99044513401879,15.3
10980.935680681001,57.23098325002315,15.31
10980.935880681,53.55795343680479,15.32
10980.936080681,60.123050625733526,15.33
10980.936280681,6.763322227862361,15.34
10980.936480681,29.03714069640145,15.35
10980.936680681,39.762714927524684,15.36
10980.936880681,46.73284021259366,15.37
10980.937080681,56.63779040163181,15.38
10980.937280681,64.2959656223475,15.39
10980.937480681001,75.4988869508649,15.4
10980.937680681,20.424362652337685,15.41
10980.937880681,62.326602575198756,15.42
10980.938080681,36.510400743299435,15.43
10980.938280681,58.295189176483774,15.44
10980.938480681,61.85707993310738,15.45
10980.938680681,45.63915148331975,15.46
10980.938880681,58.625109969216815,15.47
10980.939080681,41.536190120307545,15.48
10980.939280681001,62.42480173932521,15.49
10980.939480681,58.94875082408372,15.5
10980.939680681,56.78835395564533,15.51
10980.939880681,51.554099855733824,15.52
10980.940080681,52.745304309044364,15.53
10980.940280681,61.897663316292395,15.54
10980.940480681,43.11985117063,15.55
10980.940680681,60.20671753803069,15.56
10980.940880681,71.78875114905767,15.57
10980.941080681001,46.826326991330816,15.58
10980.941280681,59.581082275932516,15.59
10980.941480681,52.33712321012755,15.6
10980.941680681,78.55408733734194,15.61
10980.941880681,48.39354124927377,15.62
10980.942080681,18.609681215701038,15.63
10980.942280681,49.46582768119631,15.64
10980.942480681,73.78220015870656,15.65
10980.942680681,69.02009075546114,15.66
10980.942880681,35.72967257971135,15.67
10980.943080681,44.992636960554236,15.68
10980.943280681,72.56424879571577,15.69
10980.943480681,43.992436621049436,15.7
10980.943680681,64.31730349828442,15.71
10980.943880681,40.43663065424117,15.72
10980.944080681,72.88043698928803,15.73
10980.944280681,51.94431401525975,15.74
10980.944480681,37.102471567447225,15.75
10980.944680681,37.24236145690347,15.76
10980.944880681,53.911912585413134,15.77
10980.945080681,48.34936144523284,15.78
10980.945280681,41.09167428068725,15.79
10980.945480681,43.41514658783296,15.8
10980.945680681,34.18316763439646,15.81
10980.945880681,28.971254043445377,15.82
10980.946080681,60.1611515343363,15.83
10980.946280681,39.96266702700286,15.84
10980.946480681,44.94288559352127,15.85
10980.946680681,75.9928043420076,15.86
10980.946880681,82.07472885946541,15.87
10980.947080681,46.910705279979716,15.88
10980.947280681,64.48213906225976,15.89
10980.947480681,38.775253418371136,15.9
10980.947680681,46.50458726225547,15.91
10980.947880681,58.54219391477215,15.92
10980.948080681,36.902129049004984,15.93
10980.948280681,67.87308869296209,15.94
10980.948480681,46.44075506017122,15.95
10980.948680681,46.82149855662556,15.96
10980.948880681,50.6845281035379,15.97
10980.949080681,46.43071823852374,15.98
10980.949280681,57.4190845697668,15.99
10980.949480681,74.4170363701719,16.0
10980.949680681,47.158023789115795,16.01
10980.949880681,52.70753164417416,16.02
10980.950080681,42.463472729533756,16.03
10980.950280681,57.81146346760623,16.04
10980.950480681,39.6695818839613,16.05
10980.950680681,54.89621548990758,16.06
10980.950880681,41.22468753172303,16.07
10980.951080681,66.53876832690368,16.08
10980.951280681,52.88094316251202,16.09
10980.951480681,32.10590135889662,16.1
10980.951680681,67.94216107433982,16.11
10980.951880681,57.07458212401132,16.12
10980.952080681,44.07777112471111,16.13
10980.952280681,49.39873107791838,16.14
10980.952480681,33.35821624714703,16.15
10980.952680681,35.6612265210976,16.16
10980.952880681,60.42315296630337,16.17
10980.953080681,32.91941015264214,16.18
10980.953280681,69.06886145735312,16.19
10980.953480681,59.84058695975662,16.2
10980.953680681,39.45790903434528,16.21
10980.953880681,37.839939367280316,16.22
10980.954080681,65.03294610936621,16.23
10980.954280681,37.306305298647075,16.24
10980.954480681,37.14478974945659,16.25
10980.954680681,70.36082537791427,16.26
10980.954880681,43.42165256888937,16.27
10980.955080681,40.37928869677509,16.28
10980.955280681,61.95963422144561,16.29
10980.955480681,32.06031502801403,16.3
10980.955680681,39.24513057542271,16.31
10980.955880681,51.53990278041889,16.32
10980.956080681,61.71767256599918,16.33
10980.956280681,78.25471412316098,16.34
10980.956480681,92.03295341922941,16.35
10980.956680681,53.131334535116174,16.36
10980.956880681,44.72492754512784,16.37
10980.957080681,66.39438223547215,16.38
10980.957280681,47.96230643618142,16.39
10980.957480681,29.415127803687497,16.4
10980.957680681,75.55785060630768,16.41
10980.957880681,91.51253122592493,16.42
10980.958080681,52.486852756087565,16.43
10980.958280681,19.267120231774257,16.44
10980.958480681,60.32338863792903,16.45
10980.958680681,54.215726946343025,16.46
10980.958880681,60.370913889671876,16.47
10980.959080681,48.53048447570989,16.48
10980.959280681,61.64717997302808,16.49
10980.959480681,42.11149478593152,16.5
10980.959680681,76.86197999272292,16.51
10980.959880681,58.35406250359697,16.52
10980.960080681,52.66478948062448,16.53
10980.960280681,37.505403257588384,16.54
10980.960480681,62.55376286943352,16.55
10980.960680681,55.521692143615695,16.56
10980.960880681,41.88715847672397,16.57
10980.961080681,43.326110442435905,16.58
10980.961280681,43.8505025623067,16.59
10980.961480681,61.69293241450947,16.6
10980.961680681,60.14914077482264,16.61
10980.961880681,39.58444163238536,16.62
10980.962080681,55.558404192609245,16.63
10980.962280681,49.61376701404602,16.64
10980.962480681,46.84980998121593,16.65
10980.962680681,72.4448460601717,16.66
10980.962880681,89.8801747535837,16.67
10980.963080681,64.61963896617029,16.68
10980.963280681,48.24408038179468,16.69
10980.963480681,40.9159874392316,16.7
10980.963680681,33.41453798193251,16.71
10980.963880681,53.76251343912336,16.72
10980.964080681,57.259065989208366,16.73
10980.964280681,22.4869953131217,16.74
10980.964480681,16.5791455984007,16.75
10980.964680681,41.31616288623356,16.76
10980.964880681,57.86457494348443,16.77
10980.965080681,77.28381920787804,16.78
10980.965280681,36.91432492781901,16.79
10980.965480681,47.41405531598775,16.8
10980.965680681,51.82753731866764,16.81
10980.965880681,61.267003860622395,16.82
10980.966080681,54.605039114359315,16.83
10980.966280681,66.62803052221143,16.84
10980.966480681,54.132649711335986,16.85
10980.966680681,37.7299690322319,16.86
10980.966880681,54.49230614350945,16.87
10980.967080681,67.60443077405361,16.88
10980.967280681,87.35960960669317,16.89
10980.967480681,26.187235272140313,16.9
10980.967680681,40.59565317134222,16.91
10980.967880681,56.07812173996285,16.92
10980.968080681,63.059903106208765,16.93
10980.968280681,42.24625066558113,16.94
10980.968480681,61.88150450428926,16.95
10980.968680681,63.20824587317695,16.96
10980.968880681,50.159251854658265,16.97
10980.969080681,73.27280611439379,16.98
10980.969280681,63.52321989277645,16.99
10980.969480681,74.47671929473059,17.0
10980.969680681,56.8123527145591,17.01
10980.969880681,33.52252239553903,17.02
10980.970080681,50.250940865458425,17.03
10980.970280681,53.191668792609164,17.04
10980.970480681,38.84547655948906,17.05
10980.970680681,60.95392953987739,17.06
10980.970880681,59.74243985520782,17.07
10980.971080681,26.055785038120607,17.08
10980.971280681,68.96058884105744,17.09
10980.971480681,57.11248228023072,17.1
10980.971680681,51.61741120126206,17.11
10980.971880681,74.48330165837034,17.12
10980.972080681,60.45504974153094,17.13
10980.972280681,56.40360627257456,17.14
10980.972480681,41.19247269902665,17.15
10980.972680681,44.57158902615281,17.16
10980.972880681,56.638546166857594,17.17
10980.973080681,34.00568106710629,17.18
10980.973280681,44.54482360403899,17.19
10980.973480681,47.20189809279552,17.2
10980.973680681,27.278688527158877,17.21
10980.973880681,43.139974288551855,17.22
10980.974080681,46.147086446969276,17.23
10980.974280681,39.45975333194475,17.24
10980.974480681,49.69963156639486,17.25
10980.974680681,52.73275423665878,17.26
10980.974880681,72.8452737628367,17.27
10980.975080681,32.607443451897225,17.28
10980.975280681,60.30146251425195,17.29
10980.975480681,63.07419622716886,17.3
10980.975680681,63.02194159877783,17.31
10980.975880681,80.36779669073279,17.32
10980.976080681,75.5281477194588,17.33
10980.976280681,51.24158109651371,17.34
10980.976480681,53.53510383863495,17.35
10980.976680681,55.764738621098054,17.36
10980.976880681,20.01144325350376,17.37
10980.977080681,35.13463310000672,17.38
10980.977280681,61.69375901938166,17.39
10980.977480681,25.421829606716685,17.4
10980.977680681,22.58792874672771,17.41
10980.977880681,59.88010127761743,17.42
10980.978080681,84.40796428179512,17.43
10980.978280681,55.74807317073528,17.44
10980.978480681,35.17360153082371,17.45
10980.978680681,61.472261658659036,17.46
10980.978880681,49.71426391939427,17.47
10980.979080681,38.96479684500278,17.48
10980.979280681,23.927258664781395,17.49
10980.979480681,56.42226871162749,17.5
10980.979680681,43.25436167431826,17.51
10980.979880681,69.48928155097282,17.52
10980.980080681,45.35771655036023,17.53
10980.980280681,61.48710342276769,17.54
10980.980480681,37.25027631643819,17.55
10980.980680681,59.39032053735302,17.56
10980.980880681,66.87804618255183,17.57
10980.981080681,53.177657483632885,17.58
10980.981280681,38.208118794433396,17.59
10980.981480681,55.07702077163296,17.6
10980.981680681,44.609320200658644,17.61
10980.981880681,40.772130569483025,17.62
10980.982080681,49.581282082659335,17.63
10980.982280681,33.77165004800456,17.64
10980.982480681,51.19227083094678,17.65
10980.982680681,58.16621169678283,17.66
10980.982880681,49.164012593527076,17.67
10980.983080681,51.40730698457205,17.68
10980.983280681,52.63593409584337,17.69
10980.983480681,62.34142371267711,17.7
10980.983680681,67.07425981505227,17.71
10980.983880681,48.73152389399192,17.72
10980.984080681,63.73069380064048,17.73
10980.984280681,37.10349773887498,17.74
10980.984480681,49.38125605981649,17.75
10980.984680681,68.59547359838294,17.76
10980.984880681,52.21439494942697,17.77
10980.985080681,58.641521871847985,17.78
10980.985280681,61.95450060513973,17.79
10980.985480681,73.41155574910366,17.8
10980.985680681,44.44123916518853,17.81
10980.985880681,33.93481878610223,17.82
10980.986080681,27.317089006782354,17.83
10980.986280681,70.11476326149823,17.84
10980.986480681,44.93736397670938,17.85
10980.986680681,48.390381647124585,17.86
10980.986880681001,38.072653064917056,17.87
10980.987080681,54.7580555895227,17.88
10980.987280681,52.92746292043722,17.89
10980.987480681,41.21478378798457,17.9
10980.987680681,21.608721816478923,17.91
10980.987880681,51.990416352659594,17.92
10980.988080681,68.61201926909528,17.93
10980.988280681,46.26738719008885,17.94
10980.988480681,47.11698120539607,17.95
10980.988680681001,35.208649206352135,17.96
10980.988880681,43.61099510239092,17.97
10980.989080681,59.66485646591823,17.98
10980.989280681,28.380989771473022,17.99
10980.989480681,28.08156130389759,18.0
10980.989680681,45.28378979164983,18.01
10980.989880681,47.515903800972914,18.02
10980.990080681,52.301218449868664,18.03
10980.990280681,47.52244232135456,18.04
10980.990480681001,47.904234570928594,18.05
10980.990680681,54.57164980516853,18.06
10980.990880681,54.35211960280702,18.07
10980.991080681,85.6515637707034,18.08
10980.991280681,38.961820528192085,18.09
10980.991480681,43.64761535023554,18.1
10980.991680681,53.11786757760329,18.11
10980.991880681,49.3919097089923,18.12
10980.992080681,38.03732661686496,18.13
10980.992280681001,37.89514117830308,18.14
10980.992480681,41.7246036641673,18.15
10980.992680681,76.61936777398178,18.16
10980.992880681,61.79103618019067,18.17
10980.993080681,58.98594444439817,18.18
10980.993280681,34.082316245093196,18.19
10980.993480681,62.26126963633928,18.2
10980.993680681,60.87867504970201,18.21
10980.993880681,61.50840269883414,18.22
10980.994080681001,64.26180364608813,18.23
10980.994280681,30.517369426318194,18.24
10980.994480681,60.14491300621497,18.25
10980.994680681,32.39458816909634,18.26
10980.994880681,45.81390157346245,18.27
10980.995080681,54.897095632133556,18.28
10980.995280681,51.61138974783512,18.29
10980.995480681,56.83646773189754,18.3
10980.995680681,76.7705110190939,18.31
10980.995880681001,40.69853796677475,18.32
10980.996080681,73.0034603475279,18.33
10980.996280681,45.9419088224662,18.34
10980.996480681,39.94030306614737,18.35
10980.996680681,33.607253383805684,18.36
10980.996880681,48.95212987108374,18.37
10980.997080681,43.637073006677355,18.38
10980.997280681,49.35900440276947,18.39
10980.997480681,37.98054939789817,18.4
10980.997680681001,0.7981011163110878,18.41
10980.997880681,48.15131747014416,18.42
10980.998080681,6.957942351813074,18.43
10980.998280681,71.09739646380153,18.44
10980.998480681,38.71747696486217,18.45
10980.998680681,55.97716842289687,18.46
10980.998880681,29.649804380261433,18.47
10980.999080681,55.27800422302059,18.48
10980.999280681,41.27168747814463,18.49
10980.999480681001,45.69952705398542,18.5
10980.999680681,57.25180008631774,18.51
10980.999880681,68.94057276574755,18.52
10981.000080681,47.55632814063345,18.53
10981.000280681,72.29899687669085,18.54
10981.000480681,66.69577169446235,18.55
10981.000680681,73.2965465631588,18.56
10981.000880681,48.792167226080075,18.57
10981.001080681,66.93756432700587,18.58
10981.001280681001,24.043863591964644,18.59
10981.001480681,68.03088945413771,18.6
10981.001680681,29.15270620149335,18.61
10981.001880681,50.233512804764715,18.62
10981.002080681,30.064385887381775,18.63
10981.002280681,68.43846693836517,18.64
10981.002480681,54.6935858484963,18.65
10981.002680681,66.75991003849299,18.66
10981.002880681,28.459467469258907,18.67
10981.003080681001,70.83803736003078,18.68
10981.003280681,30.595008782536212,18.69
10981.003480681,57.8020475683209,18.7
10981.003680681,53.2547000859486,18.71
10981.003880681,45.25815886085611,18.72
10981.004080681,63.59172898928864,18.73
10981.004280681,52.92487879442804,18.74
10981.004480681,20.90033362815734,18.75
10981.004680681,43.88882415049017,18.76
10981.004880681001,66.39082530766593,18.77
10981.005080681,31.937352709392783,18.78
10981.005280681,65.7508337385357,18.79
10981.005480681,67.56338501685202,18.8
10981.005680681,49.742341089815305,18.81
10981.005880681,40.98837085747661,18.82
10981.006080681,39.78648586840578,18.83
10981.006280681,59.35385023863523,18.84
10981.006480681,45.26228936051914,18.85
10981.006680681001,21.44623044952297,18.86
10981.006880681,65.46218154380921,18.87
10981.007080681,82.29919351600307,18.88
10981.007280681,72.98854586014734,18.89
10981.007480681,51.52042719495585,18.9
10981.007680681,51.46540267534326,18.91
10981.007880681,34.58113939469905,18.92
10981.008080681,54.670792035854255,18.93
10981.008280681,59.82649928301173,18.94
10981.008480681001,60.52203963064528,18.95
10981.008680681,44.832956747307215,18.96
10981.008880681,46.23955183220094,18.97
10981.009080681,36.91448166207498,18.98
10981.009280681,29.12866589343437,18.99
10981.009480681,50.92722979058699,19.0
10981.009680681,54.87004016535943,19.01
10981.009880681,60.86543235453257,19.02
10981.010080681,63.849467686177775,19.03
10981.010280681001,51.06597471315155,19.04
10981.010480681,43.74187502073537,19.05
10981.010680681,69.00909577388231,19.06
10981.010880681,31.709164024612644,19.07
10981.011080681,52.92132640715454,19.08
10981.011280681,32.64404570171487,19.09
10981.011480681,18.928028333950554,19.1
10981.011680681,48.05912237762881,19.11
10981.011880681,64.21376546348446,19.12
10981.012080681001,75.3444417229418,19.13
10981.012280681,61.72032319454773,19.14
10981.012480681,63.931377495604984,19.15
10981.012680681,36.467007043541884,19.16
10981.012880681,44.68753422574702,19.17
10981.013080681,39.22568749954657,19.18
10981.013280681,34.31989257549104,19.19
10981.013480681,68.36573886135582,19.2
10981.013680681,92.60400029965992,19.21
10981.013880681001,67.10270548541155,19.22
10981.014080681,53.73678649083816,19.23
10981.014280681,52.31461666641944,19.24
10981.014480681,46.62774024878168,19.25
10981.014680681,53.29596356182597,19.26
10981.014880681,38.97844732344161,19.27
10981.015080681,43.68246285324772,19.28
10981.015280681,36.15557982184704,19.29
10981.015480681,26.193617597345465,19.3
10981.015680681001,56.43711782320013,19.31
10981.015880681,71.45754398945243,19.32
10981.016080681,64.09357923700526,19.33
10981.016280681,58.35684533385397,19.34
10981.016480681,62.99495466150975,19.35
10981.016680681,54.68243929808989,19.36
10981.016880681,66.282134695423,19.37
10981.017080681,56.0425816687836,19.38
10981.017280681,45.48181620922803,19.39
10981.017480681001,34.68401040874206,19.4
10981.017680681,59.781821586707544,19.41
10981.017880681,41.03189048992209,19.42
10981.018080681,34.861261462775005,19.43
10981.018280681,18.98570793636708,19.44
10981.018480681,54.46415943876415,19.45
10981.018680681,42.7164057639941,19.46
10981.018880681,39.823388039912885,19.47
10981.019080681,44.30407773600593,19.48
10981.019280681001,64.62193346529632,19.49
10981.019480681,57.9545992467561,19.5
10981.019680681,40.66124384757264,19.51
10981.019880681,45.35607429605624,19.52
10981.020080681,36.91157498716657,19.53
10981.020280681,35.7932010820695,19.54
10981.020480681,50.22786380409437,19.55
10981.020680681,56.19613017368668,19.56
10981.020880681,51.191483158666024,19.57
10981.021080681001,65.82022508625094,19.58
10981.021280681,44.3467759068954,19.59
10981.021480681,41.09291713490062,19.6
10981.021680681,55.23195677232728,19.61
10981.021880681,31.90051354250518,19.62
10981.022080681,39.16265762315946,19.63
10981.022280681,58.69361307486376,19.64
10981.022480681,41.6535266011889,19.65
10981.022680681,23.12851162977816,19.66
10981.022880681001,36.357633811480426,19.67
10981.023080681,41.23905376209604,19.68
10981.023280681,44.58075985684975,19.69
10981.023480681,63.42801603982648,19.7
10981.023680681,48.048420002466166,19.71
10981.023880681,52.05836948709656,19.72
10981.024080681,73.35171754089447,19.73
10981.024280681,46.593060243265626,19.74
10981.024480681,35.396246000768635,19.75
10981.024680681001,47.17790156121619,19.76
10981.024880681,41.71551913044375,19.77
10981.025080681,79.8804585030603,19.78
10981.025280681,47.53767472207305,19.79
10981.025480681,58.92014702003422,19.8
10981.025680681,57.90523917923116,19.81
10981.025880681,51.29502626702311,19.82
10981.026080681,28.032206701189008,19.83
10981.026280681,45.4388657234663,19.84
10981.026480681001,43.64804431797745,19.85
10981.026680681,33.68924300395591,19.86
10981.026880681,22.79120441000196,19.87
10981.027080681,66.35179220386848,19.88
10981.027280681,56.66268931131066,19.89
10981.027480681,19.002651400109187,19.9
10981.027680681,37.989915082675395,19.91
10981.027880681,53.98219736353392,19.92
10981.028080681,44.31364099026122,19.93
10981.028280681001,37.05341951284768,19.94
10981.028480681,49.790892635097634,19.95
10981.028680681,51.0063639650717,19.96
10981.028880681,70.47872272963387,19.97
10981.029080681,37.59475919952712,19.98
10981.029280681,39.4597156440449,19.99
10981.029480681,0.0,20.0
10981.029680681,0.0,20.01
10981.029880681,0.0,20.02
10981.030080681001,0.0,20.03
10981.030280681,0.0,20.04
10981.030480681,0.0,20.05
10981.030680681,0.0,20.06
10981.030880681,0.0,20.07
10981.031080681,27.904524103055437,20.08
10981.031280681,87.70229546021082,20.09
10981.031480681,0.0,20.1
10981.031680681,60.221880577983754,20.11
10981.031880681001,0.0,20.12
10981.032080681,0.0,20.13
10981.032280681,0.0,20.14
10981.032480681,101.20274819430526,20.15
10981.032680681,21.900670457503164,20.16
10981.032880681,0.0,20.17
10981.033080681,56.02373474374818,20.18
10981.033280681,0.0,20.19
10981.033480681,0.0,20.2
10981.033680681001,103.72833368601127,20.21
10981.033880681,0.0,20.22
10981.034080681,34.94995021333817,20.23
10981.034280681,76.51469688918219,20.24
10981.034480681,61.36889326520893,20.25
10981.034680681,13.720734384643592,20.26
10981.034880681,0.0,20.27
10981.035080681,0.0,20.28
10981.035280681,0.0,20.29
10981.035480681001,0.6348179816323949,20.3
10981.035680681,73.92871433374644,20.31
10981.035880681,162.3443501645752,20.32
10981.036080681,67.40863788979267,20.33
10981.036280681,19.230144550846788,20.34
10981.036480681,55.50611011996226,20.35
10981.036680681,0.0,20.36
10981.036880681,21.91414749450558,20.37
10981.037080681,0.0,20.38
10981.037280681001,0.0,20.39
10981.037480681,70.55270273498809,20.4
10981.037680681,0.0,20.41
10981.037880681,0.0,20.42
10981.038080681,50.5308534429398,20.43
10981.038280681,53.705707703818106,20.44
10981.038480681,0.0,20.45
10981.038680681,0.0,20.46
10981.038880681,0.0,20.47
10981.039080681001,0.0,20.48
10981.039280681,41.6053053697128,20.49
10981.039480681,13.348558860237482,20.5
10981.039680681,119.76855884249292,20.51
10981.039880681,0.0,20.52
10981.040080681,0.0,20.53
10981.040280681,0.0,20.54
10981.040480681,32.80774464999721,20.55
10981.040680681,99.57938033873103,20.56
10981.040880681001,90.72485055499614,20.57
10981.041080681,107.74999950539197,20.58
10981.041280681,82.13618710805703,20.59
10981.041480681,0.0,20.6
10981.041680681,134.63515786089826,20.61
10981.041880681,160.71920190078458,20.62
10981.042080681,66.82420421804461,20.63
10981.042280681,94.78002280242927,20.64
10981.042480681,136.02950293832774,20.65
10981.042680681001,0.0,20.66
10981.042880681,204.94867722512407,20.67
10981.043080681,140.8130630631734,20.68
10981.043280681,0.0,20.69
10981.043480681,143.65152643824985,20.7
10981.043680681,56.194224608938576,20.71
10981.043880681,7.086782064097889,20.72
10981.044080681,55.18292412655757,20.73
10981.044280681,208.40577823100136,20.74
10981.044480681001,0.0,20.75
10981.044680681,132.2587265138552,20.76
10981.044880681,0.0,20.77
10981.045080681,125.6021630535345,20.78
10981.045280681,105.59812979808501,20.79
10981.045480681,13.236588533422712,20.8
10981.045680681,96.55725351131137,20.81
10981.045880681,66.81709261049227,20.82
10981.046080681,0.0,20.83
10981.046280681001,0.0,20.84
10981.046480681,75.9029207338385,20.85
10981.046680681,87.26003776001815,20.86
10981.046880681,305.064364779467,20.87
10981.047080681,69.28035127616938,20.88
10981.047280681,83.95863403964375,20.89
10981.047480681,161.5885277815221,20.9
10981.047680681,126.84392161997619,20.91
10981.047880681,331.2226468217279,20.92
10981.048080681001,106.90209397370305,20.93
10981.048280681,0.0,20.94
10981.048480681,209.95898280092672,20.95
10981.048680681,0.0,20.96
10981.048880681,137.8521030386316,20.97
10981.049080681,144.952012039967,20.98
10981.049280681,291.78667850841225,20.99
10981.049480681,37.706451775261336,21.0
10981.049680681,71.84305976363522,21.01
10981.049880681001,160.35395921828012,21.02
10981.050080681,65.1127797503023,21.03
10981.050280681,165.22751503928956,21.04
10981.050480681,111.17091069326067,21.05
10981.050680681,34.46432071305274,21.06
10981.050880681,124.47762356256624,21.07
10981.051080681,92.2262332500091,21.08
10981.051280681,114.33013796421841,21.09
10981.051480681,0.0,21.1
10981.051680681001,0.0,21.11
10981.051880681,141.6931357436726,21.12
10981.052080681,88.25499682494431,21.13
10981.052280681,59.08502194601845,21.14
10981.052480681,239.68766111275562,21.15
10981.052680681,72.31945170098521,21.16
10981.052880681,11.904303482691503,21.17
10981.053080681,150.70568447750117,21.18
10981.053280681,131.86031110102513,21.19
10981.053480681001,128.79041681956113,21.2
10981.053680681,39.07128123915825,21.21
10981.053880681,175.4770060813567,21.22
10981.054080681,119.34185823545123,21.23
10981.054280681,255.10738940329298,21.24
10981.054480681,205.06638573050776,21.25
10981.054680681,63.289736308220796,21.26
10981.054880681,0.0,21.27
10981.055080681,152.16490827940018,21.28
10981.055280681001,40.06965961153459,21.29
10981.055480681,202.09470614907818,21.3
10981.055680681,179.92725370303222,21.31
10981.055880681,98.98070440777181,21.32
10981.056080681,207.2580694891978,21.33
10981.056280681,293.31566950614166,21.34
10981.056480681,184.64332264337546,21.35
10981.056680681,6.849926313432661,21.36
10981.056880681,182.45566850048783,21.37
10981.057080681001,305.1524051561597,21.38
10981.057280681,256.0494397560793,21.39
10981.057480681,109.20982156977753,21.4
10981.057680681,0.0,21.41
10981.057880681,199.1430857929602,21.42
10981.058080681,96.74541936626542,21.43
10981.058280681,144.6225272388122,21.44
10981.058480681,232.0069298976606,21.45
10981.058680681,0.0,21.46
10981.058880681001,174.83263903057332,21.47
10981.059080681,112.87944152467783,21.48
10981.059280681,148.20659693743264,21.49
10981.059480681,132.87668445295986,21.5
10981.059680681,61.494573165884475,21.51
10981.059880681,151.86518040579676,21.52
10981.060080681,109.91375944888094,21.53
10981.060280681,72.37184780805804,21.54
10981.060480681,168.37108913396042,21.55
10981.060680681001,74.6563949619908,21.56
10981.060880681,269.93472347751504,21.57
10981.061080681,79.29034156194722,21.58
10981.061280681,245.7312554695859,21.59
10981.061480681,104.68464164393667,21.6
10981.061680681,145.99903081943094,21.61
10981.061880681,166.0458667606533,21.62
10981.062080681,0.0,21.63
10981.062280681,240.64887171670176,21.64
10981.062480681001,206.47798757861997,21.65
10981.062680681,12.107587689093208,21.66
10981.062880681,275.4816574483752,21.67
10981.063080681,190.55694487802717,21.68
10981.063280681,95.969295457248,21.69
10981.063480681,62.69814759610938,21.7
10981.063680681,155.72979519913318,21.71
10981.063880681,179.05840623484565,21.72
10981.064080681,67.50653031277545,21.73
10981.064280681001,87.48084132072111,21.74
10981.064480681,154.42871326353463,21.75
10981.064680681,150.8024575349816,21.76
10981.064880681,222.61749305022465,21.77
10981.065080681,146.77165017443818,21.78
10981.065280681,166.58174153970208,21.79
10981.065480681,198.880526451474,21.8
10981.065680681,284.3504113274941,21.81
10981.065880681,150.11201365391688,21.82
10981.066080681001,228.83110159473352,21.83
10981.066280681,79.03799488329074,21.84
10981.066480681,102.28098888220653,21.85
10981.066680681,237.8540530896307,21.86
10981.066880681,299.79227106862595,21.87
10981.067080681,151.5872186129806,21.88
10981.067280681,235.4444184290859,21.89
10981.067480681,205.1716699873819,21.9
10981.067680681,187.39118756583926,21.91
10981.067880681,153.26449575921004,21.92
10981.068080681,0.0,21.93
10981.068280681,68.30566928073401,21.94
10981.068480681,84.19174221527724,21.95
10981.068680681,78.07155842529087,21.96
10981.068880681,241.64796528829856,21.97
10981.069080681,169.7408042850821,21.98
10981.069280681,290.91497974746096,21.99
10981.069480681,325.65050934374074,22.0
10981.069680681,188.55067505000952,22.01
10981.069880681,316.7621925198246,22.02
10981.070080681,148.7183628146118,22.03
10981.070280681,160.93632543038277,22.04
10981.070480681,127.48914219873453,22.05
10981.070680681,239.2396185207176,22.06
10981.070880681,259.3721781971929,22.07
10981.071080681,91.28562180636848,22.08
10981.071280681,245.1185006847283,22.09
10981.071480681,184.68117523049503,22.1
10981.071680681,103.50435790803823,22.11
10981.071880681,274.37606744272864,22.12
10981.072080681,78.31359182053063,22.13
10981.072280681,355.1308318504201,22.14
10981.072480681,278.1522453784598,22.15
10981.072680681,185.36761480686758,22.16
10981.072880681,229.94991570151885,22.17
10981.073080681,230.6805086599486,22.18
10981.073280681,321.90495273050925,22.19
10981.073480681,72.96711921371741,22.2
10981.073680681,239.5213757124517,22.21
10981.073880681,133.46335324803854,22.22
10981.074080681,288.7583724196035,22.23
10981.074280681,81.71171250975416,22.24
10981.074480681,216.74129548646846,22.25
10981.074680681,123.47588043897315,22.26
10981.074880681,318.03502331722456,22.27
10981.075080681,243.50055189075303,22.28
10981.075280681,266.82112052324493,22.29
10981.075480681,257.6585174161464,22.3
10981.075680681,278.509810251758,22.31
10981.075880681,172.8059330205856,22.32
10981.076080681,240.35973075379565,22.33
10981.076280681,301.0875124575044,22.34
10981.076480681,164.63096943936313,22.35
10981.076680681,278.81814015802775,22.36
10981.076880681,330.9930586509239,22.37
10981.077080681,27.52598244108478,22.38
10981.077280681,125.91734213694716,22.39
10981.077480681,198.70275919072543,22.4
10981.077680681,223.17907152663827,22.41
10981.077880681,156.4124246021691,22.42
10981.078080681,221.78801969359483,22.43
10981.078280681,251.9134808973747,22.44
10981.078480681,162.59730267878587,22.45
10981.078680681,257.15397907769363,22.46
10981.078880681,175.3488476991597,22.47
10981.079080681,306.75169232872406,22.48
10981.079280681,240.46236587163733,22.49
10981.079480681,286.5756383198103,22.5
10981.079680681,323.97397673020606,22.51
10981.079880681,35.1833261866426,22.52
10981.080080681,131.48204487141393,22.53
10981.080280681,337.46585320147005,22.54
10981.080480681,196.8822095330077,22.55
10981.080680681,300.91386365078336,22.56
10981.080880681,244.31900645694688,22.57
10981.081080681,254.1674751315781,22.58
10981.081280681,231.17102618416382,22.59
10981.081480681,271.6914007687001,22.6
10981.081680681,296.97904724323547,22.61
10981.081880681,234.17149767903467,22.62
10981.082080681,278.7661126059861,22.63
10981.082280681,196.11653656075515,22.64
10981.082480681,292.92542129963863,22.65
10981.082680681,234.25218864449513,22.66
10981.082880681,245.09605492883,22.67
10981.083080681,197.8705184921713,22.68
10981.083280681,131.410980934664,22.69
10981.083480681,165.9663331759273,22.7
10981.083680681,186.09579664582188,22.71
10981.083880681,195.870147313921,22.72
10981.084080681,348.53670984686954,22.73
10981.084280681,280.85192309416044,22.74
10981.084480681,352.20313402180085,22.75
10981.084680681,208.90438682123772,22.76
10981.084880681,300.12638225538285,22.77
10981.085080681,228.16265161497972,22.78
10981.085280681,290.7070971899791,22.79
10981.085480681,370.22729061730456,22.8
10981.085680681,229.95466390654678,22.81
10981.085880681,225.32148130419498,22.82
10981.086080681,311.7674665387547,22.83
10981.086280681,188.22693931877376,22.84
10981.086480681,371.2854047955337,22.85
10981.086680681,305.2511100060289,22.86
10981.086880681,222.29542456139626,22.87
10981.087080681,243.94198802332187,22.88
10981.087280681,349.44978556061614,22.89
10981.087480681,239.62421277434277,22.9
10981.087680681,118.98300250250895,22.91
10981.087880681,194.34050335087642,22.92
10981.088080681,464.1689723609459,22.93
10981.088280681,218.67675233341026,22.94
10981.088480681,313.2636991726235,22.95
10981.088680681,296.0720002196186,22.96
10981.088880681,301.62459481252193,22.97
10981.089080681,335.7788105298479,22.98
10981.089280681,272.04852529631285,22.99
10981.089480681,217.26521661072206,23.0
10981.089680681,197.19847701118476,23.01
10981.089880681,181.86084716611902,23.02
10981.090080681,288.25347340914783,23.03
10981.090280681,287.0802532136226,23.04
10981.090480681,286.0375107484407,23.05
10981.090680681,297.0368580249994,23.06
10981.090880681,228.74485785799408,23.07
10981.091080681,297.09742075797107,23.08
10981.091280681,295.4542242070758,23.09
10981.091480681,197.69568226548762,23.1
10981.091680681,227.140505383797,23.11
10981.091880681,301.49017771728023,23.12
10981.092080681,349.7819127923283,23.13
10981.092280681,290.0252537174987,23.14
10981.092480681,361.73946265245615,23.15
10981.092680681,206.87569824225102,23.16
10981.092880681,354.85790892406146,23.17
10981.093080681,415.01640912075874,23.18
10981.093280681,448.84032141022516,23.19
10981.093480681,253.03569281163243,23.2
10981.093680681,405.7881262105492,23.21
10981.093880681,261.59747984276817,23.22
10981.094080681,166.59013432686095,23.23
10981.094280681,171.27587530477157,23.24
10981.094480681,281.8280400942971,23.25
10981.094680681,381.5284441130758,23.26
10981.094880681,308.4679130633393,23.27
10981.095080681,181.46077045564647,23.28
10981.095280681,415.23798434814836,23.29
10981.095480681,317.84023099223157,23.3
10981.095680681,279.2496552621388,23.31
10981.095880681,335.16949371320953,23.32
10981.096080681,239.38531129789354,23.33
10981.096280681,392.4514139468516,23.34
10981.096480681,402.1327546375627,23.35
10981.096680681,221.16785862728085,23.36
10981.096880681,279.5696355789891,23.37
10981.097080681,233.78079165930706,23.38
10981.097280681,172.21099938711652,23.39
10981.097480681,217.44514430757226,23.4
10981.097680681,261.2106974467828,23.41
10981.097880681,243.73275676807575,23.42
10981.098080681,346.5436013695631,23.43
10981.098280681,357.8906544723944,23.44
10981.098480681,238.1267941248796,23.45
10981.098680681,247.32880110606112,23.46
10981.098880681,251.11668703628976,23.47
10981.099080681,304.82992589310425,23.48
10981.099280681,404.5929916855051,23.49
10981.099480681,262.4219239832675,23.5
10981.099680681,388.427335436399,23.51
10981.099880681,314.55892908144784,23.52
10981.100080681,302.468302999634,23.53
10981.100280681,235.38860789577487,23.54
10981.100480681,320.0286623062427,23.55
10981.100680681,384.0897040151592,23.56
10981.100880681,356.48603485785776,23.57
10981.101080681,339.07989087122604,23.58
10981.101280681,268.7502812223996,23.59
10981.101480681,294.03909441020414,23.6
10981.101680681,393.29797371089916,23.61
10981.101880681,230.4726789343929,23.62
10981.102080681,243.5576889554502,23.63
10981.102280681,221.08807603254076,23.64
10981.102480681,218.8423302765208,23.65
10981.102680681,343.3179950356598,23.66
10981.102880681,249.4628402655345,23.67
10981.103080681,351.8927594920747,23.68
10981.103280681,292.77642773777643,23.69
10981.103480681,281.88313177479216,23.7
10981.103680681,255.9402836709295,23.71
10981.103880681,311.2836083506445,23.72
10981.104080681,318.4729512892287,23.73
10981.104280681,343.18463297639335,23.74
10981.104480681,324.178240831059,23.75
10981.104680681,366.7898055340516,23.76
10981.104880681,308.5633438935102,23.77
10981.105080681,321.1491857381631,23.78
10981.105280681,300.36523284401136,23.79
10981.105480681,438.9640565161235,23.8
10981.105680681,431.8409699675339,23.81
10981.105880681,312.7020157199822,23.82
10981.106080681,352.4347071884137,23.83
10981.106280681,367.90249793684757,23.84
10981.106480681,466.60972968636827,23.85
10981.106680681,401.8738902121132,23.86
10981.106880681,477.06982337615955,23.87
10981.107080681,391.42531112601944,23.88
10981.107280681,333.43571526959175,23.89
10981.107480681,350.64985015838937,23.9
10981.107680681,244.968196657509,23.91
10981.107880681,342.0912658420991,23.92
10981.108080681,243.9747245489924,23.93
10981.108280681,327.72223476862257,23.94
10981.108480681,351.2838444458815,23.95
10981.108680681,364.79670621753183,23.96
10981.108880681,360.17966543035385,23.97
10981.109080681,439.60326998824047,23.98
10981.109280681,332.6700021628699,23.99
10981.109480681,301.47246467469756,24.0
10981.109680681,446.76569281136386,24.01
10981.109880681,275.3387684076643,24.02
10981.110080681,385.5186515455726,24.03
10981.110280681,341.9131990998012,24.04
10981.110480681,454.66164784209474,24.05
10981.110680681,554.9208964151595,24.06
10981.110880681,444.2613597244166,24.07
10981.111080681,357.7311360134218,24.08
10981.111280681,322.21995122683165,24.09
10981.111480681,414.6478521215869,24.1
10981.111680681,329.94101370632376,24.11
10981.111880681001,448.64395099565286,24.12
10981.112080681,461.3242852536322,24.13
10981.112280681,288.2582344248902,24.14
10981.112480681,442.6067415388508,24.15
10981.112680681,337.0702630089708,24.16
10981.112880681,331.6190100810246,24.17
10981.113080681,345.51856579862834,24.18
10981.113280681,389.96162595440205,24.19
10981.113480681,407.3376979589708,24.2
10981.113680681001,507.6071530576692,24.21
10981.113880681,306.6545351159467,24.22
10981.114080681,375.7502543031521,24.23
10981.114280681,285.03947040838375,24.24
10981.114480681,465.59534679755444,24.25
10981.114680681,471.8416179031571,24.26
10981.114880681,443.55100588736934,24.27
10981.115080681,403.493232866454,24.28
10981.115280681,496.7010179735702,24.29
10981.115480681001,358.9249609077138,24.3
10981.115680681,216.38596506440572,24.31
10981.115880681,361.8508162434974,24.32
10981.116080681,543.5898054573457,24.33
10981.116280681,493.96556220327886,24.34
10981.116480681,495.3115036762341,24.35
10981.116680681,512.7784311844146,24.36
10981.116880681,346.7502180457447,24.37
10981.117080681,450.19261834737193,24.38
10981.117280681001,433.14583086365974,24.39
10981.117480681,379.1464273771984,24.4
10981.117680681,507.6634734143166,24.41
10981.117880681,573.8189629871691,24.42
10981.118080681,502.10182833493934,24.43
10981.118280681,561.495636744308,24.44
10981.118480681,265.0383408717065,24.45
10981.118680681,424.0374132337489,24.46
10981.118880681,446.03599266558103,24.47
10981.119080681001,382.80870530606035,24.48
10981.119280681,432.79295027041957,24.49
10981.119480681,415.82667116749434,24.5
10981.119680681,325.08174839209914,24.51
10981.119880681,311.72420135214423,24.52
10981.120080681,374.60229606337737,24.53
10981.120280681,395.70550268429815,24.54
10981.120480681,283.88900584997236,24.55
10981.120680681,407.6508171926211,24.56
10981.120880681001,448.8114792577947,24.57
10981.121080681,495.62952504252036,24.58
10981.121280681,334.56639018856634,24.59
10981.121480681,330.4695782520264,24.6
10981.121680681,533.2375103909068,24.61
10981.121880681,445.41743696726996,24.62
10981.122080681,545.9256599554076,24.63
10981.122280681,414.00107786523665,24.64
10981.122480681,400.85122572017593,24.65
10981.122680681001,536.3450806053063,24.66
10981.122880681,508.00672828757575,24.67
10981.123080681,489.84628139570736,24.68
10981.123280681,451.4367058567007,24.69
10981.123480681,485.06970611513833,24.7
10981.123680681,417.4934584237489,24.71
10981.123880681,480.0951203929009,24.72
10981.124080681,373.87740977998527,24.73
10981.124280681,353.6923342961743,24.74
10981.124480681001,383.92947007194266,24.75
10981.124680681,551.3047196838269,24.76
10981.124880681,367.61201259806444,24.77
10981.125080681,368.5345604668024,24.78
10981.125280681,418.4363489372709,24.79
10981.125480681,386.62774078435075,24.8
10981.125680681,486.3014194662624,24.81
10981.125880681,397.37133029901497,24.82
10981.126080681,280.5709868776827,24.83
10981.126280681001,402.618793857617,24.84
10981.126480681,377.75472605268624,24.85
10981.126680681,449.44648269906844,24.86
10981.126880681,538.8624029648124,24.87
10981.127080681,430.02011684534864,24.88
10981.127280681,306.9543685833044,24.89
10981.127480681,526.8091132858696,24.9
10981.127680681,353.532152341951,24.91
10981.127880681,536.4741482605605,24.92
10981.128080681001,373.71399683922255,24.93
10981.128280681,429.17568997798423,24.94
10981.128480681,448.7609680402737,24.95
10981.128680681,549.8038256303222,24.96
10981.128880681,555.3291528131134,24.97
10981.129080681,403.96052575941906,24.98
10981.129280681,567.7035530013642,24.99
10981.129480681,250.37660277546277,25.0
10981.129680681,415.45443078712725,25.01
10981.129880681001,325.2167566226735,25.02
10981.130080681,340.89379865830745,25.03
10981.130280681,435.91582509550585,25.04
10981.130480681,372.982968828006,25.05
10981.130680681,575.1237782366711,25.06
10981.130880681,510.98103527210975,25.07
10981.131080681,478.73196533870794,25.08
10981.131280681,457.5923845048331,25.09
10981.131480681,455.5665871470433,25.1
10981.131680681001,360.8119889214141,25.11
10981.131880681,495.0899254262321,25.12
10981.132080681,593.269905045925,25.13
10981.132280681,525.1124009368122,25.14
10981.132480681,475.7836267999417,25.15
10981.132680681,472.20915225049646,25.16
10981.132880681,421.00233331540994,25.17
10981.133080681,608.4479988699616,25.18
10981.133280681,597.9879613438596,25.19
10981.133480681001,451.0251277115626,25.2
10981.133680681,326.9768133168525,25.21
10981.133880681,486.26672909319115,25.22
10981.134080681,457.9109790143169,25.23
10981.134280681,518.3174863338104,25.24
10981.134480681,453.27772289114233,25.25
10981.134680681,443.5474122286047,25.26
10981.134880681,356.62413825849967,25.27
10981.135080681,388.10459824297186,25.28
10981.135280681001,534.9111022694921,25.29
10981.135480681,459.1974829561076,25.3
10981.135680681,494.66030947844337,25.31
10981.135880681,359.68241727408247,25.32
10981.136080681,483.3070684248497,25.33
10981.136280681,480.2640790133921,25.34
10981.136480681,459.03770194623564,25.35
10981.136680681,511.6652924165256,25.36
10981.136880681,570.6235030626017,25.37
10981.137080681001,585.414511276964,25.38
10981.137280681,570.6872716447612,25.39
10981.137480681,555.4218642619593,25.4
10981.137680681,465.7372600076654,25.41
10981.137880681,571.3904209525467,25.42
10981.138080681,374.70629043510996,25.43
10981.138280681,551.4688114988762,25.44
10981.138480681,384.52394003271957,25.45
10981.138680681,476.0620389202637,25.46
10981.138880681001,530.7754127508654,25.47
10981.139080681,533.4529028328235,25.48
10981.139280681,483.1882357924675,25.49
10981.139480681,538.3702570749682,25.5
10981.139680681,650.5049583103381,25.51
10981.139880681,519.1597092141938,25.52
10981.140080681,552.2314094878637,25.53
10981.140280681,627.7987274288034,25.54
10981.140480681,527.1980045517935,25.55
10981.140680681001,609.7631675989758,25.56
10981.140880681,591.9452171542954,25.57
10981.141080681,430.1456721880236,25.58
10981.141280681,588.11083011822,25.59
10981.141480681,524.2672102037249,25.6
10981.141680681,505.59675807242536,25.61
10981.141880681,362.5701466443512,25.62
10981.142080681,590.5481430672509,25.63
10981.142280681,446.77609483457354,25.64
10981.142480681001,502.94858907723216,25.65
10981.142680681,482.3659421234214,25.66
10981.142880681,508.6898780310191,25.67
10981.143080681,591.2101129514517,25.68
10981.143280681,653.2238355854769,25.69
10981.143480681,512.9950753897095,25.7
10981.143680681,543.6372277783189,25.71
10981.143880681,561.5072474517599,25.72
10981.144080681,400.3766834585714,25.73
10981.144280681001,497.2156089219577,25.74
10981.144480681,433.9253400012128,25.75
10981.144680681,603.0331717468771,25.76
10981.144880681,461.501321342176,25.77
10981.145080681,547.7377284940904,25.78
10981.145280681,603.1110254688048,25.79
10981.145480681,566.6351218297999,25.8
10981.145680681,284.08882368071363,25.81
10981.145880681,503.14571028820575,25.82
10981.146080681001,633.741228162811,25.83
10981.146280681,554.9028087046127,25.84
10981.146480681,565.0352553099442,25.85
10981.146680681,631.4890735094414,25.86
10981.146880681,554.3359629889055,25.87
10981.147080681,561.2420868069499,25.88
10981.147280681,612.2448088922926,25.89
10981.147480681,535.2637725834539,25.9
10981.147680681,612.9916880810852,25.91
10981.147880681001,568.1490098825924,25.92
10981.148080681,712.9042339802613,25.93
10981.148280681,528.4397136595271,25.94
10981.148480681,477.0758288105326,25.95
10981.148680681,430.50014347523654,25.96
10981.148880681,530.2737282741613,25.97
10981.149080681,540.9702139198585,25.98
10981.149280681,389.3423338835847,25.99
10981.149480681,606.7630895254987,26.0
10981.149680681001,542.8508417033809,26.01
10981.149880681,632.2930875554906,26.02
10981.150080681,472.009243010577,26.03
10981.150280681,483.17128572248475,26.04
10981.150480681,538.8834171590884,26.05
10981.150680681,531.5907301819126,26.06
10981.150880681,705.07176655433,26.07
10981.151080681,681.1194804579608,26.08
10981.151280681,526.6078227766374,26.09
10981.151480681001,587.3154652159676,26.1
10981.151680681,524.6302523130659,26.11
10981.151880681,576.7854209257771,26.12
10981.152080681,528.2300903129901,26.13
10981.152280681,549.1134195962993,26.14
10981.152480681,602.2044184758448,26.15
10981.152680681,585.2188639363169,26.16
10981.152880681,528.343985564306,26.17
10981.153080681,717.6650538500426,26.18
10981.153280681001,580.86397404141,26.19
10981.153480681,549.0231357377147,26.2
10981.153680681,610.5695720939748,26.21
10981.153880681,569.533685009347,26.22
10981.154080681,547.2157837878573,26.23
10981.154280681,310.6164403580608,26.24
10981.154480681,663.0187455539763,26.25
10981.154680681,650.4924214401127,26.26
10981.154880681,488.8674919559386,26.27
10981.155080681001,594.4380670278398,26.28
10981.155280681,571.5437589283321,26.29
10981.155480681,572.2497359591803,26.3
10981.155680681,671.2116510854861,26.31
10981.155880681,618.5837705185087,26.32
10981.156080681,565.5185056774625,26.33
10981.156280681,664.4569120208087,26.34
10981.156480681,491.4081873967748,26.35
10981.156680681,505.43708893905256,26.36
10981.156880681001,631.2725474450706,26.37
10981.157080681,682.4756133586391,26.38
10981.157280681,553.8980749569814,26.39
10981.157480681,518.3609623274344,26.4
10981.157680681,636.8449948621079,26.41
10981.157880681,744.101143563744,26.42
10981.158080681,552.3947822362495,26.43
10981.158280681,697.9553336935575,26.44
10981.158480681,660.7358919712926,26.45
10981.158680681001,706.5955817832745,26.46
10981.158880681,714.5342399382283,26.47
10981.159080681,512.9937224998931,26.48
10981.159280681,699.8319068146392,26.49
10981.159480681,497.70470663833447,26.5
10981.159680681,643.080571408067,26.51
10981.159880681,689.8868082881702,26.52
10981.160080681,694.7719661015718,26.53
10981.160280681,510.2884174875863,26.54
10981.160480681001,561.8620651428181,26.55
10981.160680681,602.7465077007752,26.56
10981.160880681,660.4578299561651,26.57
10981.161080681,753.0075623883695,26.58
10981.161280681,567.6629293831544,26.59
10981.161480681,604.8776415528857,26.6
10981.161680681,634.7548108024245,26.61
10981.161880681,697.4029843261512,26.62
10981.162080681,666.9613013208731,26.63
10981.162280681001,661.7291482354449,26.64
10981.162480681,559.3846302773879,26.65
10981.162680681,530.7713792503131,26.66
10981.162880681,646.4378267073319,26.67
10981.163080681,590.4341070464509,26.68
10981.163280681,764.3783876863787,26.69
10981.163480681,668.8241694716982,26.7
10981.163680681,581.5134462696672,26.71
10981.163880681,699.8509360191899,26.72
10981.164080681001,579.0733060348566,26.73
10981.164280681,490.43396452145083,26.74
10981.164480681,782.977828194425,26.75
10981.164680681,761.3878427365819,26.76
10981.164880681,732.2879454513754,26.77
10981.165080681,755.0161880052342,26.78
10981.165280681,726.039589528576,26.79
10981.165480681,623.7112104794161,26.8
10981.165680681,675.1303474951402,26.81
10981.165880681001,676.1901550190645,26.82
10981.166080681,636.8974763183191,26.83
10981.166280681,587.4198578286715,26.84
10981.166480681,692.2637297687468,26.85
10981.166680681,713.6137125942034,26.86
10981.166880681,697.0064298281966,26.87
10981.167080681,580.3193317615741,26.88
10981.167280681,642.6257150031066,26.89
10981.167480681,652.3564313061169,26.9
10981.167680681001,523.0981035056823,26.91
10981.167880681,624.2176360251553,26.92
10981.168080681,661.8257950870764,26.93
10981.168280681,603.2580058122866,26.94
10981.168480681,615.373001910604,26.95
10981.168680681,641.4529568378873,26.96
10981.168880681,878.0563766741666,26.97
10981.169080681,709.0160180841447,26.98
10981.169280681,738.2749020620992,26.99
10981.169480681001,570.3088563253988,27.0
10981.169680681,711.5586518976595,27.01
10981.169880681,790.3147036719781,27.02
10981.170080681,614.275755797188,27.03
10981.170280681,687.3464977035004,27.04
10981.170480681,694.0509203020919,27.05
10981.170680681,815.8851425791252,27.06
10981.170880681,758.6049972440275,27.07
10981.171080681,855.9036980765763,27.08
10981.171280681001,671.7679535512088,27.09
10981.171480681,590.1695660507287,27.1
10981.171680681,693.4109679049183,27.11
10981.171880681,653.5608567350426,27.12
10981.172080681,765.8060999334671,27.13
10981.172280681,685.6241846102641,27.14
10981.172480681,779.4828430406989,27.15
10981.172680681,876.9477905420772,27.16
10981.172880681,633.2375539312379,27.17
10981.173080681001,633.3083579779918,27.18
10981.173280681,553.3742847777501,27.19
10981.173480681,725.6115193392843,27.2
10981.173680681,673.8180207648765,27.21
10981.173880681,777.4997533946919,27.22
10981.174080681,750.8342059100365,27.23
10981.174280681,623.3470374718729,27.24
10981.174480681,639.2981072719874,27.25
10981.174680681,686.0166392500589,27.26
10981.174880681001,752.7393630669764,27.27
10981.175080681,663.1646110134953,27.28
10981.175280681,779.601411152591,27.29
10981.175480681,803.3723271956715,27.3
10981.175680681,841.2884822086025,27.31
10981.175880681,699.2622459140717,27.32
10981.176080681,702.6981627180572,27.33
10981.176280681,767.1715410140987,27.34
10981.176480681,649.5497447137809,27.35
10981.176680681001,768.0920978170658,27.36
10981.176880681,754.0090620085122,27.37
10981.177080681,757.0536327761497,27.38
10981.177280681,657.700189593289,27.39
10981.177480681,816.4806961857033,27.4
10981.177680681,692.7559450794338,27.41
10981.177880681,627.3593494652907,27.42
10981.178080681,684.9590111613809,27.43
10981.178280681,722.8975791383085,27.44
10981.178480681001,549.3305501292134,27.45
10981.178680681,784.0175207132044,27.46
10981.178880681,536.120867060107,27.47
10981.179080681,649.8398035530861,27.48
10981.179280681,824.509483378732,27.49
10981.179480681,694.2857729737434,27.5
10981.179680681,752.350161609815,27.51
10981.179880681,797.2125753745557,27.52
10981.180080681,760.0765921670916,27.53
10981.180280681001,776.1337028827488,27.54
10981.180480681,809.1843416134527,27.55
10981.180680681,709.6022480895936,27.56
10981.180880681,677.9994968646006,27.57
10981.181080681,673.60968730165,27.58
10981.181280681,655.8704667921236,27.59
10981.181480681,788.813257507887,27.6
10981.181680681,778.3610521254425,27.61
10981.181880681,820.2844945380209,27.62
10981.182080681001,868.1213283129197,27.63
10981.182280681,738.6640982362761,27.64
10981.182480681,752.2147962817876,27.65
10981.182680681,724.5505530902127,27.66
10981.182880681,819.4543382492471,27.67
10981.183080681,814.7868285294477,27.68
10981.183280681,772.3587421501132,27.69
10981.183480681,757.7852344934477,27.7
10981.183680681,874.1090349690131,27.71
10981.183880681001,857.3276193171641,27.72
10981.184080681,889.6171406053847,27.73
10981.184280681,677.520263485289,27.74
10981.184480681,808.5114780114044,27.75
10981.184680681,651.7297904090988,27.76
10981.184880681,663.8231495854732,27.77
10981.185080681,679.1799948446097,27.78
10981.185280681,699.2717855147498,27.79
10981.185480681,630.9084799730468,27.8
10981.185680681001,710.216710438637,27.81
10981.185880681,506.02467484141357,27.82
10981.186080681,892.7458211003861,27.83
10981.186280681,720.1032156030471,27.84
10981.186480681,919.8958740479627,27.85
10981.186680681,758.0026147616155,27.86
10981.186880681,755.1542027998241,27.87
10981.187080681,806.3680938605359,27.88
10981.187280681,860.4855759082095,27.89
10981.187480681001,689.4154171380299,27.9
10981.187680681,715.9937408217559,27.91
10981.187880681,757.4095361106653,27.92
10981.188080681,662.5864269396432,27.93
10981.188280681,687.0704856037198,27.94
10981.188480681,716.7324845106708,27.95
10981.188680681,786.8996142549609,27.96
10981.188880681,738.4210009418865,27.97
10981.189080681,795.9735760548633,27.98
10981.189280681001,750.8031676426501,27.99
10981.189480681,792.4406672112123,28.0
10981.189680681,675.5622888420716,28.01
10981.189880681,715.8394510662683,28.02
10981.190080681,785.4409653279322,28.03
10981.190280681,731.7105609776564,28.04
10981.190480681,695.2334624893168,28.05
10981.190680681,774.6380334394463,28.06
10981.190880681,816.9322900155432,28.07
10981.191080681001,747.4547946675818,28.08
10981.191280681,730.0803888088188,28.09
10981.191480681,869.8057114876929,28.1
10981.191680681,937.0753385953274,28.11
10981.191880681,844.122570965019,28.12
10981.192080681,766.3537108268515,28.13
10981.192280681,721.9473953425701,28.14
10981.192480681,917.4044593968977,28.15
10981.192680681,773.9087116176864,28.16
10981.192880681,642.7044027380604,28.17
10981.193080681,916.1154804689888,28.18
10981.193280681,782.7018199511392,28.19
10981.193480681,777.0571903853531,28.2
10981.193680681,847.3563844081037,28.21
10981.193880681,766.860845509624,28.22
10981.194080681,682.9811999672551,28.23
10981.194280681,744.825928770849,28.24
10981.194480681,848.2215052088088,28.25
10981.194680681,862.9512357213614,28.26
10981.194880681,717.6024123816667,28.27
10981.195080681,657.6152140380324,28.28
10981.195280681,753.0322528489253,28.29
10981.195480681,774.2620296078088,28.3
10981.195680681,899.8395137981155,28.31
10981.195880681,933.4568429190552,28.32
10981.196080681,670.9487822952556,28.33
10981.196280681,759.5963732236632,28.34
10981.196480681,916.3666716355932,28.35
10981.196680681,789.280719023256,28.36
10981.196880681,727.7547326097948,28.37
10981.197080681,923.5775527587834,28.38
10981.197280681,723.9177868059579,28.39
10981.197480681,786.5223858470813,28.4
10981.197680681,738.9879728695164,28.41
10981.197880681,869.4329174242183,28.42
10981.198080681,945.7249296127359,28.43
10981.198280681,773.7580798087268,28.44
10981.198480681,756.1659629289775,28.45
10981.198680681,625.0668504337209,28.46
10981.198880681,779.1403525310585,28.47
10981.199080681,838.3359680972903,28.48
10981.199280681,908.5476836553642,28.49
10981.199480681,747.3346335687019,28.5
10981.199680681,740.0689583885958,28.51
10981.199880681,893.6105696620274,28.52
10981.200080681,788.9613240182339,28.53
10981.200280681,839.0658438606206,28.54
10981.200480681,665.7448948734682,28.55
10981.200680681,677.7575591137984,28.56
10981.200880681,745.5768217722051,28.57
10981.201080681,985.1738020180755,28.58
10981.201280681,819.5574752188,28.59
10981.201480681,663.9974499389617,28.6
10981.201680681,934.3069501055916,28.61
10981.201880681,831.8078063570692,28.62
10981.202080681,754.3202722262762,28.63
10981.202280681,823.2935576256219,28.64
10981.202480681,719.0562944117808,28.65
10981.202680681,931.8448124339313,28.66
10981.202880681,810.550755455223,28.67
10981.203080681,822.6519305903083,28.68
10981.203280681,671.6415344428403,28.69
10981.203480681,858.1705237490303,28.7
10981.203680681,749.9986144118554,28.71
10981.203880681,858.606038621194,28.72
10981.204080681,765.8349581003489,28.73
10981.204280681,879.7434467470108,28.74
10981.204480681,697.0729791782202,28.75
10981.204680681,753.6376226126312,28.76
10981.204880681,854.8841559003217,28.77
10981.205080681,785.365793049966,28.78
10981.205280681,828.0454973347338,28.79
10981.205480681,767.0779925570005,28.8
10981.205680681,832.7212199484967,28.81
10981.205880681,816.8475398041443,28.82
10981.206080681,830.300626209088,28.83
10981.206280681,862.6492819562395,28.84
10981.206480681,820.4276110190951,28.85
10981.206680681,965.0944136565578,28.86
10981.206880681,1014.6937433146493,28.87
10981.207080681,826.7315541395027,28.88
10981.207280681,726.0910112875403,28.89
10981.207480681,833.2257460377748,28.9
10981.207680681,780.621724677131,28.91
10981.207880681,827.581125403182,28.92
10981.208080681,817.270358344886,28.93
10981.208280681,830.2207657185689,28.94
10981.208480681,862.8074120438523,28.95
10981.208680681,970.4360209719498,28.96
10981.208880681,891.9136972071117,28.97
10981.209080681,844.8277916587983,28.98
10981.209280681,881.4467008737096,28.99
10981.209480681,836.4231258012306,29.0
10981.209680681,798.8224897598964,29.01
10981.209880681,921.7909735600708,29.02
10981.210080681,782.326930245182,29.03
10981.210280681,844.9733981801326,29.04
10981.210480681,765.5325755098646,29.05
10981.210680681,733.603156669942,29.06
10981.210880681,712.2325036736192,29.07
10981.211080681,879.0466239149979,29.08
10981.211280681,865.763634274244,29.09
10981.211480681,808.6914289439935,29.1
10981.211680681,904.00880044912,29.11
10981.211880681,954.7329958786573,29.12
10981.212080681,790.8439096294271,29.13
10981.212280681,853.4628413580807,29.14
10981.212480681,957.6698461809564,29.15
10981.212680681,991.1681608786303,29.16
10981.212880681,857.1924166792123,29.17
10981.213080681,883.382492579838,29.18
10981.213280681,961.5619370663284,29.19
10981.213480681,913.5443995538822,29.2
10981.213680681,912.1784783873135,29.21
10981.213880681,820.9318788810061,29.22
10981.214080681,793.2251414328796,29.23
10981.214280681,843.4854322365456,29.24
10981.214480681,800.1279833987188,29.25
10981.214680681,957.7479757437865,29.26
10981.214880681,767.5476668611054,29.27
10981.215080681,1006.7653502545755,29.28
10981.215280681,860.8039978003534,29.29
10981.215480681,737.9256886814535,29.3
10981.215680681,872.8576983212995,29.31
10981.215880681,908.0164486875724,29.32
10981.216080681,866.2757177139232,29.33
10981.216280681,1015.9404422917063,29.34
10981.216480681,864.2131737833018,29.35
10981.216680681,926.9579913026482,29.36
10981.216880681,915.0943048476581,29.37
10981.217080681,801.8382121608659,29.38
10981.217280681,795.1493051977279,29.39
10981.217480681,925.0532292296033,29.4
10981.217680681,828.5105593410824,29.41
10981.217880681,905.3282369583825,29.42
10981.218080681,857.6311954047641,29.43
10981.218280681,861.3833940758836,29.44
10981.218480681,930.7951462346672,29.45
10981.218680681,859.3465053907194,29.46
10981.218880681,950.351749677273,29.47
10981.219080681,956.3035677723459,29.48
10981.219280681,899.2330505737608,29.49
10981.219480681,1050.7490463342563,29.5
10981.219680681,1053.8225321463815,29.51
10981.219880681,845.8377449455938,29.52
10981.220080681,819.5585102710046,29.53
10981.220280681,855.683263177467,29.54
10981.220480681,992.2692767938225,29.55
10981.220680681,1068.411368715343,29.56
10981.220880681,874.3960020160989,29.57
10981.221080681,1012.1493017928481,29.58
10981.221280681,927.7252127135752,29.59
10981.221480681,933.2983382856349,29.6
10981.221680681,962.868330104153,29.61
10981.221880681,800.3719271948106,29.62
10981.222080681,1001.1983168343074,29.63
10981.222280681,850.3719379910153,29.64
10981.222480681,957.6359886532591,29.65
10981.222680681,954.1510641692886,29.66
10981.222880681,1039.9662556466214,29.67
10981.223080681,991.1791084475058,29.68
10981.223280681,899.8816091398324,29.69
10981.223480681,901.4275476940138,29.7
10981.223680681,961.4897892776219,29.71
10981.223880681,996.7145018144803,29.72
10981.224080681,883.9547304821078,29.73
10981.224280681,1013.3812246928275,29.74
10981.224480681,877.4425605580043,29.75
10981.224680681,933.1828801124939,29.76
10981.224880681,969.2627990063902,29.77
10981.225080681,1069.8004042870232,29.78
10981.225280681,823.535310539872,29.79
10981.225480681,846.6219304734698,29.8
10981.225680681,898.2008278332987,29.81
10981.225880681,994.6305323309933,29.82
10981.226080681,925.9036959527497,29.83
10981.226280681,925.5767351892626,29.84
10981.226480681,1090.9476535544763,29.85
10981.226680681,944.3173902687462,29.86
10981.226880681,969.571727338712,29.87
10981.227080681,1015.1464584961166,29.88
10981.227280681,834.941063568426,29.89
10981.227480681,944.2473488012286,29.9
10981.227680681,1026.6924543643297,29.91
10981.227880681,1022.6882980293577,29.92
10981.228080681,936.3665029563891,29.93
10981.228280681,944.6566163413288,29.94
10981.228480681,1020.3686987190048,29.95
10981.228680681,1002.3586911824945,29.96
10981.228880681,960.0598783589943,29.97
10981.229080681,1043.3085264368904,29.98
10981.229280681,1124.9913722493052,29.99
10981.229480681,1048.3821845176858,30.0
10981.229680681,1036.361890135001,30.01
10981.229880681,888.8011805244088,30.02
10981.230080681,804.1863544016694,30.03
10981.230280681,785.5794008123224,30.04
10981.230480681,956.4811482342558,30.05
10981.230680681,970.3849881067225,30.06
10981.230880681,1117.631100381043,30.07
10981.231080681,969.3845750514532,30.08
10981.231280681,864.6669710693342,30.09
10981.231480681,1041.471533077561,30.1
10981.231680681,863.7290968409013,30.11
10981.231880681,1001.2887396174727,30.12
10981.232080681,1067.175414371108,30.13
10981.232280681,979.4247810020581,30.14
10981.232480681,741.9973178881522,30.15
10981.232680681,1121.7731719498722,30.16
10981.232880681,920.0168165478464,30.17
10981.233080681,891.0454899930301,30.18
10981.233280681,942.6057499884798,30.19
10981.233480681,954.6374449648016,30.2
10981.233680681,1005.8441359389811,30.21
10981.233880681,1032.855968835809,30.22
10981.234080681,964.3568236528776,30.23
10981.234280681,872.6004445703298,30.24
10981.234480681,883.1901976633068,30.25
10981.234680681,1020.1037474260233,30.26
10981.234880681,997.5175300465262,30.27
10981.235080681,916.599027505772,30.28
10981.235280681,1009.3352774887327,30.29
10981.235480681,962.5321581692062,30.3
10981.235680681,915.0091333538362,30.31
10981.235880681,1016.1670255572665,30.32
10981.236080681,934.2970520183658,30.33
10981.236280681,1030.233724702633,30.34
10981.236480681,876.9288503477679,30.35
10981.236680681,869.1867395260616,30.36
10981.236880681001,977.3571284468138,30.37
10981.237080681,933.8068363635316,30.38
10981.237280681,862.7322028375247,30.39
10981.237480681,948.4655648157861,30.4
10981.237680681,971.7484427607523,30.41
10981.237880681,800.1048903334197,30.42
10981.238080681,969.035278080973,30.43
10981.238280681,1119.6181954422614,30.44
10981.238480681,1054.271745460378,30.45
10981.238680681001,1040.664948377955,30.46
10981.238880681,1027.2285352509648,30.47
10981.239080681,991.8504620487221,30.48
10981.239280681,1055.0937644768494,30.49
10981.239480681,1107.8983583469071,30.5
10981.239680681,1068.3345447489123,30.51
10981.239880681,1218.2416330276517,30.52
10981.240080681,878.3958779972028,30.53
10981.240280681,942.108832357512,30.54
10981.240480681001,869.5805934280006,30.55
10981.240680681,998.7133972081403,30.56
10981.240880681,811.5480131321339,30.57
10981.241080681,1059.0340989876236,30.58
10981.241280681,1031.5292876329022,30.59
10981.241480681,911.4607926824547,30.6
10981.241680681,1081.8056290688035,30.61
10981.241880681,905.763497297439,30.62
10981.242080681,956.4366177560555,30.63
10981.242280681001,929.0076773865648,30.64
10981.242480681,980.8365926356474,30.65
10981.242680681,1006.9846177965712,30.66
10981.242880681,1098.6731795225987,30.67
10981.243080681,793.6479410556146,30.68
10981.243280681,958.500164982456,30.69
10981.243480681,884.2889233212775,30.7
10981.243680681,1040.2599749129722,30.71
10981.243880681,1130.5445575150038,30.72
10981.244080681001,965.2323373901819,30.73
10981.244280681,1115.4423865283197,30.74
10981.244480681,970.0162530483876,30.75
10981.244680681,979.1344435345798,30.76
10981.244880681,961.6935399538727,30.77
10981.245080681,976.2041807085162,30.78
10981.245280681,1145.9692663275273,30.79
10981.245480681,1033.041809560971,30.8
10981.245680681,997.640266526895,30.81
10981.245880681001,887.068569241376,30.82
10981.246080681,928.1334239007306,30.83
10981.246280681,1068.1653386946414,30.84
10981.246480681,1108.733499392543,30.85
10981.246680681,1057.3591260221774,30.86
10981.246880681,961.155579554028,30.87
10981.247080681,1134.6003421741102,30.88
10981.247280681,1091.2134612739299,30.89
10981.247480681,1010.570232554406,30.9
10981.247680681001,995.6961254368255,30.91
10981.247880681,992.1080920810618,30.92
10981.248080681,1167.3867922285704,30.93
10981.248280681,1072.187213454467,30.94
10981.248480681,1121.1616794953184,30.95
10981.248680681,1091.2496160482606,30.96
10981.248880681,1157.0931022931848,30.97
10981.249080681,1152.7539746280188,30.98
10981.249280681,1023.1112974789488,30.99
10981.249480681001,1063.3547809600238,31.0
10981.249680681,965.9529377823443,31.01
10981.249880681,1056.8325686738795,31.02
10981.250080681,1119.385600472528,31.03
10981.250280681,976.2861321028637,31.04
10981.250480681,976.1062462633928,31.05
10981.250680681,1061.34097357381,31.06
10981.250880681,963.9036322189861,31.07
10981.251080681,994.7360386820038,31.08
10981.251280681001,1029.5101668753903,31.09
10981.251480681,1268.3584119347,31.1
10981.251680681,1027.6116527096624,31.11
10981.251880681,1055.027227484876,31.12
10981.252080681,1027.4364618267016,31.13
10981.252280681,1028.0191427965744,31.14
10981.252480681,1071.679136186745,31.15
10981.252680681,1137.291102917266,31.16
10981.252880681,966.9625026072874,31.17
10981.253080681001,1024.5577974523972,31.18
10981.253280681,1066.208216172202,31.19
10981.253480681,1113.2820291703613,31.2
10981.253680681,1038.863871548076,31.21
10981.253880681,1108.8274943387567,31.22
10981.254080681,1141.7819592645646,31.23
10981.254280681,1069.9844087089102,31.24
10981.254480681,967.0140006018413,31.25
10981.254680681,1127.528502098204,31.26
10981.254880681001,1188.041423515825,31.27
10981.255080681,1226.527982428574,31.28
10981.255280681,1062.7007003656474,31.29
10981.255480681,1037.4926688140333,31.3
10981.255680681,1100.6705010361693,31.31
10981.255880681,1172.406100598169,31.32
10981.256080681,1210.1683245844624,31.33
10981.256280681,1071.144245406989,31.34
10981.256480681,1052.1820963407222,31.35
10981.256680681001,995.4380862020904,31.36
10981.256880681,1276.8804192836535,31.37
10981.257080681,974.2986601519995,31.38
10981.257280681,992.6670403168522,31.39
10981.257480681,1034.433838790589,31.4
10981.257680681,1099.3021358032668,31.41
10981.257880681,1090.6270750219805,31.42
10981.258080681,1085.19835974608,31.43
10981.258280681,1076.5242080817668,31.44
10981.258480681001,1113.5319938288674,31.45
10981.258680681,1100.304881272846,31.46
10981.258880681,976.8541210204139,31.47
10981.259080681,1098.8880168776864,31.48
10981.259280681,1178.5203875727877,31.49
10981.259480681,1112.3407481683919,31.5
10981.259680681,1118.8367595803086,31.51
10981.259880681,1011.9485440980283,31.52
10981.260080681,1092.0448728871816,31.53
10981.260280681001,1177.7892639372976,31.54
10981.260480681,1162.7210395427646,31.55
10981.260680681,1314.9238755107467,31.56
10981.260880681,1106.5897274027852,31.57
10981.261080681,1079.3193613344024,31.58
10981.261280681,1030.5347358771032,31.59
10981.261480681,956.1206030238257,31.6
10981.261680681,1012.3258859612416,31.61
10981.261880681,1125.5613019164111,31.62
10981.262080681001,931.2480478109717,31.63
10981.262280681,1314.293390968797,31.64
10981.262480681,1116.2050134011154,31.65
10981.262680681,1130.5005835543166,31.66
10981.262880681,1112.6203260980708,31.67
10981.263080681,1011.4284495123205,31.68
10981.263280681,1095.4155760289134,31.69
10981.263480681,1186.7638592538449,31.7
10981.263680681,1142.4035145059433,31.71
10981.263880681001,1110.5488934342231,31.72
10981.264080681,1210.5264589099957,31.73
10981.264280681,1038.4669381892686,31.74
10981.264480681,1155.9472839061427,31.75
10981.264680681,991.0055043779262,31.76
10981.264880681,1062.480289619053,31.77
10981.265080681,1188.7986806969081,31.78
10981.265280681,1039.751988021001,31.79
10981.265480681,1255.4592390511948,31.8
10981.265680681001,1068.3316660677688,31.81
10981.265880681,1135.9697888086464,31.82
10981.266080681,1148.2664392758395,31.83
10981.266280681,1089.5627832843138,31.84
10981.266480681,1057.3184014784717,31.85
10981.266680681,1023.536437780239,31.86
10981.266880681,1244.4757749178243,31.87
10981.267080681,928.4977025933911,31.88
10981.267280681,1109.3530315097719,31.89
10981.267480681001,1232.9603320738242,31.9
10981.267680681,1070.5379396466365,31.91
10981.267880681,1294.014668037043,31.92
10981.268080681,1169.605618364144,31.93
10981.268280681,1055.548603631074,31.94
10981.268480681,1012.7926950268004,31.95
10981.268680681,1092.6229643878894,31.96
10981.268880681,986.3734218209415,31.97
10981.269080681,1203.7497537019838,31.98
10981.269280681001,1163.4914955523614,31.99
10981.269480681,1035.7920023793965,32.0
10981.269680681,1137.958465282809,32.01
10981.269880681,937.0302057179117,32.02
10981.270080681,1017.4959566014484,32.03
10981.270280681,1068.1626484956812,32.04
10981.270480681,1112.7359765940525,32.05
10981.270680681,1136.1739460743859,32.06
10981.270880681,1072.994966681586,32.07
10981.271080681001,1109.814802962828,32.08
10981.271280681,1110.7977504316445,32.09
10981.271480681,1086.6599433160038,32.1
10981.271680681,1146.1766514280005,32.11
10981.271880681,1207.0376386512844,32.12
10981.272080681,1182.759912823021,32.13
10981.272280681,1201.455903321716,32.14
10981.272480681,1152.9604799226736,32.15
10981.272680681,1088.640914523722,32.16
10981.272880681001,1110.1330087672882,32.17
10981.273080681,1129.9622774738684,32.18
10981.273280681,1206.0098628937699,32.19
10981.273480681,1203.3781180991793,32.2
10981.273680681,1275.8058623876425,32.21
10981.273880681,1173.754935514096,32.22
10981.274080681,1113.8802896745276,32.23
10981.274280681,1166.4181747924047,32.24
10981.274480681,1185.334746625364,32.25
10981.274680681001,1253.7202149492564,32.26
10981.274880681,1243.4315222587313,32.27
10981.275080681,1167.1221532024028,32.28
10981.275280681,1183.5605383874913,32.29
10981.275480681,1243.641318398097,32.3
10981.275680681,1077.9758573501665,32.31
10981.275880681,975.6551492849405,32.32
10981.276080681,1115.1050395849718,32.33
10981.276280681,1122.5816999439983,32.34
10981.276480681001,1193.2002679809145,32.35
10981.276680681,1172.2891238919128,32.36
10981.276880681,993.6728214025306,32.37
10981.277080681,1182.6813393205007,32.38
10981.277280681,1324.4135530580954,32.39
10981.277480681,1088.4033996534731,32.4
10981.277680681,1237.1776955832847,32.41
10981.277880681,1316.5523013277543,32.42
10981.278080681,1121.217628576813,32.43
10981.278280681001,1319.133764231321,32.44
10981.278480681,1106.0958358079413,32.45
10981.278680681,1234.5423929271496,32.46
10981.278880681,1061.7947443861606,32.47
10981.279080681,1132.8632327243113,32.48
10981.279280681,1138.0536265087162,32.49
10981.279480681,1223.946356734125,32.5
10981.279680681,1176.9901987634755,32.51
10981.279880681,1195.006868452657,32.52
10981.280080681001,1229.3840117313437,32.53
10981.280280681,1328.795216848453,32.54
10981.280480681,1220.997636130961,32.55
10981.280680681,1321.754592294178,32.56
10981.280880681,1309.12778527964,32.57
10981.281080681,1213.5102997798365,32.58
10981.281280681,1280.4272868632493,32.59
10981.281480681,1214.6964979653412,32.6
10981.281680681,1241.7738690846911,32.61
10981.281880681001,1306.3482748848865,32.62
10981.282080681,1167.6004251425054,32.63
10981.282280681,1039.4751138226266,32.64
10981.282480681,1040.8710558699324,32.65
10981.282680681,1175.0055469835922,32.66
10981.282880681,1073.095439787483,32.67
10981.283080681,1298.4466924429848,32.68
10981.283280681,1281.022595793998,32.69
10981.283480681,1252.9313540456296,32.7
10981.283680681001,1218.3876516303822,32.71
10981.283880681,1161.8130109764857,32.72
10981.284080681,1253.47451875435,32.73
10981.284280681,1158.9551302564787,32.74
10981.284480681,1140.5568044728388,32.75
10981.284680681,1198.0393230509228,32.76
10981.284880681,1230.6694250100547,32.77
10981.285080681,1163.2972419615478,32.78
10981.285280681,1098.5934036831086,32.79
10981.285480681001,1250.3430669477925,32.8
10981.285680681,1316.248992394797,32.81
10981.285880681,1278.9923496790664,32.82
10981.286080681,1422.5602643708573,32.83
10981.286280681,1174.4785842313704,32.84
10981.286480681,1155.2656517046294,32.85
10981.286680681,1297.7248878894652,32.86
10981.286880681,1277.1335416848158,32.87
10981.287080681,1109.7856819610772,32.88
10981.287280681001,1175.369752099591,32.89
10981.287480681,1250.904004646212,32.9
10981.287680681,1216.6767569014382,32.91
10981.287880681,1141.623242332212,32.92
10981.288080681,1236.8099893362212,32.93
10981.288280681,1247.1255586619254,32.94
10981.288480681,1223.5597451313204,32.95
10981.288680681,1208.246731697497,32.96
10981.288880681,1310.1063876549647,32.97
10981.289080681001,1152.1218774587792,32.98
10981.289280681,1335.4980275133616,32.99
10981.289480681,1318.557709906007,33.0
10981.289680681,1235.6204147252793,33.01
10981.289880681,1083.6364776322043,33.02
10981.290080681,1265.933964896713,33.03
10981.290280681,1263.4276918877395,33.04
10981.290480681,1201.9930804391504,33.05
10981.290680681,1277.500821543075,33.06
10981.290880681001,1190.021809077264,33.07
10981.291080681,1217.7396967613145,33.08
10981.291280681,1238.158891871907,33.09
10981.291480681,1340.1836225226302,33.1
10981.291680681,1226.715170497135,33.11
10981.291880681,1322.9919407036537,33.12
10981.292080681,1300.9293829497553,33.13
10981.292280681,1169.6798111011842,33.14
10981.292480681,1125.9710925280679,33.15
10981.292680681001,1298.3507567208412,33.16
10981.292880681,1160.5510553645195,33.17
10981.293080681,1252.7591379827484,33.18
10981.293280681,1241.7205282449017,33.19
10981.293480681,1063.9636337778434,33.2
10981.293680681,1263.1104100527066,33.21
10981.293880681,1247.9953297352758,33.22
10981.294080681,1304.487648911884,33.23
10981.294280681,1279.8629315471844,33.24
10981.294480681001,1116.1027181207116,33.25
10981.294680681,1116.9282323540122,33.26
10981.294880681,1273.21482271986,33.27
10981.295080681,1114.774336955611,33.28
10981.295280681,1446.3417285372236,33.29
10981.295480681,1218.4242706261969,33.3
10981.295680681,1408.1669525305047,33.31
10981.295880681,1291.7727535119554,33.32
10981.296080681,1325.0291041299797,33.33
10981.296280681001,1300.3023908915043,33.34
10981.296480681,1306.2394975138704,33.35
10981.296680681,1176.1078135022153,33.36
10981.296880681,1175.9229805953876,33.37
10981.297080681,1400.2716971972372,33.38
10981.297280681,1191.3218313093516,33.39
10981.297480681,1388.6756123224236,33.4
10981.297680681,1307.611722202495,33.41
10981.297880681,1348.8512007910517,33.42
10981.298080681001,1219.9200040553483,33.43
10981.298280681,1231.0482792304217,33.44
10981.298480681,1237.6389328711832,33.45
10981.298680681,1259.5205196787433,33.46
10981.298880681,1264.8598985476174,33.47
10981.299080681,1271.2183875911421,33.48
10981.299280681,1411.1675286253844,33.49
10981.299480681,1297.9891542755854,33.5
10981.299680681,1185.3017202046228,33.51
10981.299880681001,1336.7606430213073,33.52
10981.300080681,1265.6318618404503,33.53
10981.300280681,1201.9472492658235,33.54
10981.300480681,1173.1454511478578,33.55
10981.300680681,1231.5637302246155,33.56
10981.300880681,1283.8356445010224,33.57
10981.301080681,1219.0274060764186,33.58
10981.301280681,1246.3850901855337,33.59
10981.301480681,1284.4653615340799,33.6
10981.301680681001,1511.130550086931,33.61
10981.301880681,1173.5257713483713,33.62
10981.302080681,1335.0765297135638,33.63
10981.302280681,1186.1282286435182,33.64
10981.302480681,1193.8694586061151,33.65
10981.302680681,1308.7428277926554,33.66
10981.302880681,1315.3038648649747,33.67
10981.303080681,1410.625024193664,33.68
10981.303280681,1235.2787857320088,33.69
10981.303480681001,1407.537512561316,33.7
10981.303680681,1365.3023481746932,33.71
10981.303880681,1355.4148704526021,33.72
10981.304080681,1273.671401675693,33.73
10981.304280681,1287.992981242266,33.74
10981.304480681,1252.402830815745,33.75
10981.304680681,1310.3400817696033,33.76
10981.304880681,1410.1838179279512,33.77
10981.305080681,1311.1995164133027,33.78
10981.305280681001,1304.075480713459,33.79
10981.305480681,1304.9798872688586,33.8
10981.305680681,1373.9218516889698,33.81
10981.305880681,1317.153417658459,33.82
10981.306080681,1302.2910574912505,33.83
10981.306280681,1275.7833925947095,33.84
10981.306480681,1249.802542471503,33.85
10981.306680681,1375.8190703193593,33.86
10981.306880681,1265.1605862387278,33.87
10981.307080681001,1276.9714098140728,33.88
10981.307280681,1485.6533686892744,33.89
10981.307480681,1308.1743751150782,33.9
10981.307680681,1340.8272828565857,33.91
10981.307880681,1341.6620103569708,33.92
10981.308080681,1406.3775741055806,33.93
10981.308280681,1384.9267902499125,33.94
10981.308480681,1347.2462363241464,33.95
10981.308680681,1182.6566386992506,33.96
10981.308880681001,1349.0448914472522,33.97
10981.309080681,1428.511140555097,33.98
10981.309280681,1410.3067232437259,33.99
10981.309480681,1337.5719872544419,34.0
10981.309680681,1366.705285377543,34.01
10981.309880681,1288.1918227370572,34.02
10981.310080681,1376.3078925450773,34.03
10981.310280681,1450.6407026466338,34.04
10981.310480681,1366.9995680489446,34.05
10981.310680681001,1393.420445031141,34.06
10981.310880681,1453.7244906914334,34.07
10981.311080681,1263.5938245439631,34.08
10981.311280681,1301.28084448831,34.09
10981.311480681,1330.9838484808731,34.1
10981.311680681,1315.2382654056526,34.11
10981.311880681,1248.3380177673635,34.12
10981.312080681,1299.273912766938,34.13
10981.312280681,1460.5688580833398,34.14
10981.312480681001,1379.6854956950046,34.15
10981.312680681,1531.9766072110715,34.16
10981.312880681,1362.645194427973,34.17
10981.313080681,1236.8434877981772,34.18
10981.313280681,1410.6313449244162,34.19
10981.313480681,1242.9317010553023,34.2
10981.313680681,1375.644112660593,34.21
10981.313880681,1268.7402449070855,34.22
10981.314080681,1353.9940230644634,34.23
10981.314280681001,1219.4435024724926,34.24
10981.314480681,1310.8113052533201,34.25
10981.314680681,1277.8430197131347,34.26
10981.314880681,1373.58627630066,34.27
10981.315080681,1418.9683403786635,34.28
10981.315280681,1435.6376292082164,34.29
10981.315480681,1422.4719756712752,34.3
10981.315680681,1351.2760902786665,34.31
10981.315880681,1402.030703190038,34.32
10981.316080681001,1401.204723887011,34.33
10981.316280681,1431.0371845609543,34.34
10981.316480681,1387.8869127868024,34.35
10981.316680681,1475.8913433724756,34.36
10981.316880681,1367.0536285799453,34.37
10981.317080681,1362.2435696894006,34.38
10981.317280681,1422.2567137974233,34.39
10981.317480681,1341.9408498085584,34.4
10981.317680681,1384.5310152895636,34.41
10981.317880681,1290.9581565036906,34.42
10981.318080681,1348.9143893079377,34.43
10981.318280681,1335.681286761499,34.44
10981.318480681,1453.0884958508398,34.45
10981.318680681,1399.3120671991487,34.46
10981.318880681,1381.0220095084449,34.47
10981.319080681,1242.916605846985,34.48
10981.319280681,1342.4491734132516,34.49
10981.319480681,1292.8373777666327,34.5
10981.319680681,1470.3885925659674,34.51
10981.319880681,1305.7922978529846,34.52
10981.320080681,1506.4652160112134,34.53
10981.320280681,1380.7509952165265,34.54
10981.320480681,1429.5095516550093,34.55
10981.320680681,1401.0100855450669,34.56
10981.320880681,1530.6877834453992,34.57
10981.321080681,1299.0749577321844,34.58
10981.321280681,1385.5384383686537,34.59
10981.321480681,1233.0372299787289,34.6
10981.321680681,1420.9779560306308,34.61
10981.321880681,1488.6804781982382,34.62
10981.322080681,1399.9768468701393,34.63
10981.322280681,1273.0295410175033,34.64
10981.322480681,1361.3396345609463,34.65
10981.322680681,1499.1942655930281,34.66
10981.322880681,1555.6763837413507,34.67
10981.323080681,1410.3072264129892,34.68
10981.323280681,1467.1058334235054,34.69
10981.323480681,1488.585706959282,34.7
10981.323680681,1331.9348112901987,34.71
10981.323880681,1403.8837493103551,34.72
10981.324080681,1283.8582910797043,34.73
10981.324280681,1361.836891727599,34.74
10981.324480681,1468.939143864807,34.75
10981.324680681,1412.014763782937,34.76
10981.324880681,1350.7738774448462,34.77
10981.325080681,1432.8220231047105,34.78
10981.325280681,1353.418125235846,34.79
10981.325480681,1372.1798545705133,34.8
10981.325680681,1365.5401608954298,34.81
10981.325880681,1537.3892074386426,34.82
10981.326080681,1412.6726263519893,34.83
10981.326280681,1479.1775088542686,34.84
10981.326480681,1430.039685025005,34.85
10981.326680681,1362.8696086354835,34.86
10981.326880681,1483.8615010680091,34.87
10981.327080681,1416.9863145418003,34.88
10981.327280681,1301.334476450426,34.89
10981.327480681,1486.5230137810513,34.9
10981.327680681,1317.5282187065577,34.91
10981.327880681,1493.7619449322056,34.92
10981.328080681,1417.0376089138142,34.93
10981.328280681,1413.6937649829401,34.94
10981.328480681,1386.1728548436267,34.95
10981.328680681,1417.3003604928858,34.96
10981.328880681,1352.2637316351431,34.97
10981.329080681,1424.6017639795837,34.98
10981.329280681,1283.5525967943702,34.99
10981.329480681,1533.9451696807323,35.0
10981.329680681,1430.0989621437973,35.01
10981.329880681,1368.2236803611604,35.02
10981.330080681,1463.1903817440057,35.03
10981.330280681,1350.6760093442224,35.04
10981.330480681,1387.6247966802418,35.05
10981.330680681,1485.1717306981939,35.06
10981.330880681,1385.4333988962633,35.07
10981.331080681,1461.093287735635,35.08
10981.331280681,1375.1600334615478,35.09
10981.331480681,1342.5426888592244,35.1
10981.331680681,1497.677629596271,35.11
10981.331880681,1450.6548451996864,35.12
10981.332080681,1420.1095529893028,35.13
10981.332280681,1573.1960554329157,35.14
10981.332480681,1461.2390932446997,35.15
10981.332680681,1486.174994181588,35.16
10981.332880681,1311.5224453270187,35.17
10981.333080681,1523.7445717516187,35.18
10981.333280681,1319.8198061375274,35.19
10981.333480681,1440.1484309743205,35.2
10981.333680681,1563.6148592788759,35.21
10981.333880681,1579.4579143923927,35.22
10981.334080681,1524.743511994006,35.23
10981.334280681,1607.1889720298593,35.24
10981.334480681,1386.0471982889856,35.25
10981.334680681,1415.871359518129,35.26
10981.334880681,1320.5214295744213,35.27
10981.335080681,1575.1908804267384,35.28
10981.335280681,1618.825423681275,35.29
10981.335480681,1505.9570318317124,35.3
10981.335680681,1488.3940914313678,35.31
10981.335880681,1466.7462495896295,35.32
10981.336080681,1557.5992390261026,35.33
10981.336280681,1371.5982661653918,35.34
10981.336480681,1523.477025475383,35.35
10981.336680681,1468.966020996392,35.36
10981.336880681,1459.0440758890063,35.37
10981.337080681,1466.348450195936,35.38
10981.337280681,1331.0618452234394,35.39
10981.337480681,1406.240052833841,35.4
10981.337680681,1553.9242093325277,35.41
10981.337880681,1481.809227293904,35.42
10981.338080681,1476.134869767956,35.43
10981.338280681,1443.1444525235363,35.44
10981.338480681,1527.9482932023489,35.45
10981.338680681,1600.9943650312432,35.46
10981.338880681,1323.1649660976573,35.47
10981.339080681,1541.2100751634703,35.48
10981.339280681,1411.4876244913023,35.49
10981.339480681,1373.4855842041422,35.5
10981.339680681,1349.2199961260205,35.51
10981.339880681,1483.5816701134818,35.52
10981.340080681,1421.3217363695305,35.53
10981.340280681,1445.8338929825134,35.54
10981.340480681,1485.8361597527878,35.55
10981.340680681,1468.453934162352,35.56
10981.340880681,1574.7732111226674,35.57
10981.341080681,1521.9005296114133,35.58
10981.341280681,1545.8908451670998,35.59
10981.341480681,1565.9170676058902,35.6
10981.341680681,1606.7268851725012,35.61
10981.341880681,1455.9160314677831,35.62
10981.342080681,1340.4074208269456,35.63
10981.342280681,1542.3040252341823,35.64
10981.342480681,1571.3623228502809,35.65
10981.342680681,1461.6322630212735,35.66
10981.342880681,1649.9111059157544,35.67
10981.343080681,1503.7584733970277,35.68
10981.343280681,1474.9051859181377,35.69
10981.343480681,1312.073820259338,35.7
10981.343680681,1491.9365043299713,35.71
10981.343880681,1538.860206269978,35.72
10981.344080681,1529.8108997596291,35.73
10981.344280681,1436.1196739575403,35.74
10981.344480681,1637.9105338681486,35.75
10981.344680681,1503.5462717931953,35.76
10981.344880681,1412.292765898379,35.77
10981.345080681,1544.2070336610907,35.78
10981.345280681,1446.114592580947,35.79
10981.345480681,1534.9766482327527,35.8
10981.345680681,1402.4482472409727,35.81
10981.345880681,1460.2757287639743,35.82
10981.346080681,1626.262351015753,35.83
10981.346280681,1435.111043192677,35.84
10981.346480681,1447.3699965879568,35.85
10981.346680681,1518.4996900401231,35.86
10981.346880681,1598.810941783859,35.87
10981.347080681,1397.0540268184354,35.88
10981.347280681,1349.8384724779994,35.89
10981.347480681,1350.6438243861503,35.9
10981.347680681,1514.179218184237,35.91
10981.347880681,1505.622182590432,35.92
10981.348080681,1543.483250705866,35.93
10981.348280681,1365.799120018577,35.94
10981.348480681,1469.0035169781427,35.95
10981.348680681,1478.3844140778308,35.96
10981.348880681,1460.2049608957427,35.97
10981.349080681,1579.330032246713,35.98
10981.349280681,1533.9239290943876,35.99
10981.349480681,1506.8056989059376,36.0
10981.349680681,1436.2239556342995,36.01
10981.349880681,1504.1018077325696,36.02
10981.350080681,1711.4400452532475,36.03
10981.350280681,1537.1840366368278,36.04
10981.350480681,1579.3343780219825,36.05
10981.350680681,1494.0419052219195,36.06
10981.350880681,1517.489650309989,36.07
10981.351080681,1560.8032246123505,36.08
10981.351280681,1467.6179012030202,36.09
10981.351480681,1585.3930449745865,36.1
10981.351680681,1570.2224381161343,36.11
10981.351880681,1478.0725245871847,36.12
10981.352080681,1473.0999293174298,36.13
10981.352280681,1520.2241103153397,36.14
10981.352480681,1558.4016835823465,36.15
10981.352680681,1602.9488613240562,36.16
10981.352880681,1686.2564136171682,36.17
10981.353080681,1444.0505879326922,36.18
10981.353280681,1626.2240997926056,36.19
10981.353480681,1514.4894390047602,36.2
10981.353680681,1602.6774130272256,36.21
10981.353880681,1388.890605762004,36.22
10981.354080681,1568.9242593635395,36.23
10981.354280681,1579.103671008752,36.24
10981.354480681,1591.1254982487483,36.25
10981.354680681,1502.4338165381475,36.26
10981.354880681,1520.1946849254725,36.27
10981.355080681,1534.4547623953658,36.28
10981.355280681,1422.6288912829577,36.29
10981.355480681,1550.950890851826,36.3
10981.355680681,1639.994251552894,36.31
10981.355880681,1627.1872584891184,36.32
10981.356080681,1482.8925051834126,36.33
10981.356280681,1537.7229603559827,36.34
10981.356480681,1553.0877160984528,36.35
10981.356680681,1627.792910296406,36.36
10981.356880681,1424.1928499012593,36.37
10981.357080681,1532.982821243708,36.38
10981.357280681,1481.7454804350393,36.39
10981.357480681,1490.7560507930034,36.4
10981.357680681,1513.5536415691383,36.41
10981.357880681,1748.884484703985,36.42
10981.358080681,1536.2710577173948,36.43
10981.358280681,1580.3647314314096,36.44
10981.358480681,1531.0685276604977,36.45
10981.358680681,1517.5683478681167,36.46
10981.358880681,1689.2355256003254,36.47
10981.359080681,1578.7583871545223,36.48
10981.359280681,1451.4175455050186,36.49
10981.359480681,1462.231287609693,36.5
10981.359680681,1597.7733900119858,36.51
10981.359880681,1567.064299177649,36.52
10981.360080681,1609.7579160042628,36.53
10981.360280681,1565.6740918062665,36.54
10981.360480681,1590.1056960944945,36.55
10981.360680681,1635.0858813796883,36.56
10981.360880681,1595.278747358504,36.57
10981.361080681,1496.5988790342444,36.58
10981.361280681,1610.0376416085787,36.59
10981.361480681,1527.8035402267387,36.6
10981.361680681,1511.1243528209573,36.61
10981.361880681001,1574.095748757264,36.62
10981.362080681,1719.4288442907405,36.63
10981.362280681,1560.2436107509282,36.64
10981.362480681,1634.2096872872066,36.65
10981.362680681,1703.5284534879713,36.66
10981.362880681,1459.5450579207936,36.67
10981.363080681,1574.566279374767,36.68
10981.363280681,1662.652014889859,36.69
10981.363480681,1627.1400966419046,36.7
10981.363680681001,1516.5824098121718,36.71
10981.363880681,1649.206068798141,36.72
10981.364080681,1556.938668125152,36.73
10981.364280681,1613.9522813582253,36.74
10981.364480681,1493.627664857849,36.75
10981.364680681,1598.7430837431546,36.76
10981.364880681,1685.3334314518575,36.77
10981.365080681,1560.470299398372,36.78
10981.365280681,1718.6243484933386,36.79
10981.365480681001,1604.0592554049733,36.8
10981.365680681,1493.7717931817176,36.81
10981.365880681,1566.1610714501044,36.82
10981.366080681,1670.6839079125,36.83
10981.366280681,1665.0247200380431,36.84
10981.366480681,1633.7550766899915,36.85
10981.366680681,1589.0424120676912,36.86
10981.366880681,1468.854963072443,36.87
10981.367080681,1622.0484390950403,36.88
10981.367280681001,1638.6637707638981,36.89
10981.367480681,1678.7874796324409,36.9
10981.367680681,1558.3212208311304,36.91
10981.367880681,1574.7500785989464,36.92
10981.368080681,1492.0710691226589,36.93
10981.368280681,1602.343210382452,36.94
10981.368480681,1628.6715853881853,36.95
10981.368680681,1631.43563902303,36.96
10981.368880681,1569.4874678547715,36.97
10981.369080681001,1538.3248345116401,36.98
10981.369280681,1635.8060311611825,36.99
10981.369480681,1756.8745559202227,37.0
10981.369680681,1751.8358545881101,37.01
10981.369880681,1662.2917764375077,37.02
10981.370080681,1656.7230124671828,37.03
10981.370280681,1769.268991109329,37.04
10981.370480681,1700.487875405167,37.05
10981.370680681,1528.1825754735921,37.06
10981.370880681001,1680.4718972660849,37.07
10981.371080681,1472.9879139715845,37.08
10981.371280681,1607.5971032858108,37.09
10981.371480681,1569.7873785487882,37.1
10981.371680681,1570.8869478487802,37.11
10981.371880681,1770.6666500933168,37.12
10981.372080681,1661.5211628892368,37.13
10981.372280681,1721.0144979444906,37.14
10981.372480681,1639.5268400472305,37.15
10981.372680681001,1651.336879603122,37.16
10981.372880681,1729.1811825036473,37.17
10981.373080681,1758.2363983224352,37.18
10981.373280681,1752.2438546612866,37.19
10981.373480681,1630.4497984166837,37.2
10981.373680681,1660.6978285791959,37.21
10981.373880681,1618.7478754856959,37.22
10981.374080681,1532.9851675333655,37.23
10981.374280681,1744.5189175630078,37.24
10981.374480681001,1658.1266993446652,37.25
10981.374680681,1731.1975990551628,37.26
10981.374880681,1555.5344480120596,37.27
10981.375080681,1684.3589556441264,37.28
10981.375280681,1583.986756692469,37.29
10981.375480681,1616.543414018546,37.3
10981.375680681,1561.742037720085,37.31
10981.375880681,1538.9276701270603,37.32
10981.376080681,1625.5360169059106,37.33
10981.376280681001,1646.7318208510505,37.34
10981.376480681,1590.5814013699753,37.35
10981.376680681,1634.9762735906568,37.36
10981.376880681,1756.3285685171606,37.37
10981.377080681,1644.1205239013511,37.38
10981.377280681,1757.6332993372819,37.39
10981.377480681,1669.8524987983621,37.4
10981.377680681,1672.241580866123,37.41
10981.377880681,1659.7121338016686,37.42
10981.378080681001,1740.2445641659817,37.43
10981.378280681,1692.7721990647726,37.44
10981.378480681,1588.5706922931208,37.45
10981.378680681,1731.4585004729333,37.46
10981.378880681,1758.111110831452,37.47
10981.379080681,1679.4135145058312,37.48
10981.379280681,1711.4356650834056,37.49
10981.379480681,1773.8961106129216,37.5
10981.379680681,1720.8230895006,37.51
10981.379880681001,1638.7660273208894,37.52
10981.380080681,1574.041932727083,37.53
10981.380280681,1478.8575699872167,37.54
10981.380480681,1749.569290821083,37.55
10981.380680681,1651.0178272630708,37.56
10981.380880681,1657.916977796344,37.57
10981.381080681,1583.8322800869819,37.58
10981.381280681,1814.6459748498253,37.59
10981.381480681,1728.152748907088,37.6
10981.381680681001,1628.817799330222,37.61
10981.381880681,1715.7440275029767,37.62
10981.382080681,1656.3880860408774,37.63
10981.382280681,1764.065966185214,37.64
10981.382480681,1711.9773768901364,37.65
10981.382680681,1728.9022011730262,37.66
10981.382880681,1589.3219543572677,37.67
10981.383080681,1638.4730235669106,37.68
10981.383280681,1567.0598207843339,37.69
10981.383480681001,1723.3256078418922,37.7
10981.383680681,1694.614931475865,37.71
10981.383880681,1787.2232152462193,37.72
10981.384080681,1709.970138527074,37.73
10981.384280681,1626.0508279426772,37.74
10981.384480681,1595.2913774886208,37.75
10981.384680681,1738.2923321888463,37.76
10981.384880681,1838.992152549961,37.77
10981.385080681,1817.2329259235503,37.78
10981.385280681001,1562.5156948066608,37.79
10981.385480681,1775.721132747734,37.8
10981.385680681,1661.4779259490024,37.81
10981.385880681,1592.898962365018,37.82
10981.386080681,1668.4177496350878,37.83
10981.386280681,1677.8451668427504,37.84
10981.386480681,1714.2829220139936,37.85
10981.386680681,1518.6680007624514,37.86
10981.386880681,1822.04910828115,37.87
10981.387080681001,1490.6515125107107,37.88
10981.387280681,1587.3579132506004,37.89
10981.387480681,1756.861661920903,37.9
10981.387680681,1709.2157615965773,37.91
10981.387880681,1700.8169420435174,37.92
10981.388080681,1759.1911345120832,37.93
10981.388280681,1754.0067676579165,37.94
10981.388480681,1726.9554219011488,37.95
10981.388680681,1750.7592625045238,37.96
10981.388880681001,1732.18179169859,37.97
10981.389080681,1766.2021418556365,37.98
10981.389280681,1691.1428438492098,37.99
10981.389480681,1698.1287144311036,38.0
10981.389680681,1569.64670698586,38.01
10981.389880681,1678.6426977680283,38.02
10981.390080681,1690.2970680451738,38.03
10981.390280681,1866.3729597936617,38.04
10981.429480681,1728.053056583115,40.0
10981.479480681,2015.8178858491704,42.5
10981.529480681,2325.224899172602,45.0
10981.579480681,2572.314757329394,47.5
10981.629480681,2877.7494357442324,50.0
10981.679480681,3143.477146703402,52.5
10981.729480681,3240.9116151727035,55.0
10981.779480681,3418.6675846845965,57.5
10981.829480681,3925.29655479934,60.0
10981.879480681,3649.687354699488,62.5
10981.929480681,3348.1763575863224,65.0
10981.979480681,3132.718991615852,67.5
10982.029480681,2950.896092498027,70.0
10982.079480681,2712.11022883104,72.5
10982.129480681,2552.5441322044962,75.0
10982.179480681,2284.837445886874,77.5
10982.229480681,2007.441649581408,80.0
10982.279480681,1736.7192759584127,82.5
10982.329480681,1528.642058784193,85.0
10982.379480681,1213.7659581308924,87.5
10982.429480681,982.5831400616604,90.0
10982.479480681,787.8850082533452,92.5
10982.529480681,459.1005875765526,95.0
10982.579480681,279.8510339731549,97.5
